0 1 0
1 1 1
2 1 1
3 1 1
4 1 1
5 1 1
6 1 1
7 1 1
8 1 1
9 1 1
10 1 1
11 1 1
12 1 1
13 1 1
14 1 1
15 1 1
16 1 1
17 1 1
18 1 1
19 1 1
20 1 1
21 1 1
22 1 1
23 1 1
24 1 1
25 1 1
26 1 1
27 1 1
28 1 1
29 1 1
30 1 1
31 1 1
32 1 1
33 1 1
34 1 1
35 1 1
36 1 1
37 1 1
38 1 1
39 1 1
40 1 1
41 1 1
42 1 1
43 1 1
44 1 1
45 1 1
46 1 1
47 1 1
48 1 1
49 1 1
50 1 1
0 11 0
1 11 1
2 11 1
3 11 1
4 11 1
5 11 1
6 11 1
7 11 1
8 11 1
9 11 1
10 11 1
11 11 1
12 11 1
13 11 1
14 11 1
15 11 1
16 11 1
17 11 1
18 11 1
19 11 1
20 11 1
21 11 1
22 11 1
23 11 1
24 11 1
25 11 1
26 11 1
27 11 1
28 11 1
29 11 1
30 11 1
31 11 1
32 11 1
33 11 1
34 11 1
35 11 1
36 11 1
37 11 1
38 11 1
39 11 1
40 11 1
41 11 1
42 11 1
43 11 1
44 11 1
45 11 1
46 11 1
47 11 1
48 11 1
49 11 1
50 11 1
0 21 0
1 21 1
2 21 1
3 21 1
4 21 1
5 21 1
6 21 1
7 21 1
8 21 1
9 21 1
10 21 1
11 21 1
12 21 1
13 21 1
14 21 1
15 21 1
16 21 1
17 21 1
18 21 1
19 21 1
20 21 1
21 21 1
22 21 1
23 21 1
24 21 1
25 21 1
26 21 1
27 21 1
28 21 1
29 21 1
30 21 1
31 21 1
32 21 1
33 21 1
34 21 1
35 21 1
36 21 1
37 21 1
38 21 1
39 21 1
40 21 1
41 21 1
42 21 1
43 21 1
44 21 1
45 21 1
46 21 1
47 21 1
48 21 1
49 21 1
50 21 1
0 31 0
1 31 1
2 31 1
3 31 1
4 31 1
5 31 1
6 31 1
7 31 1
8 31 1
9 31 1
10 31 1
11 31 1
12 31 1
13 31 1
14 31 1
15 31 1
16 31 1
17 31 1
18 31 1
19 31 1
20 31 1
21 31 1
22 31 1
23 31 1
24 31 1
25 31 1
26 31 1
27 31 1
28 31 1
29 31 1
30 31 1
31 31 1
32 31 1
33 31 1
34 31 1
35 31 1
36 31 1
37 31 1
38 31 1
39 31 1
40 31 1
41 31 1
42 31 1
43 31 1
44 31 1
45 31 1
46 31 1
47 31 1
48 31 1
49 31 1
50 31 1
0 41 0
1 41 1
2 41 1
3 41 1
4 41 1
5 41 1
6 41 1
7 41 1
8 41 1
9 41 1
10 41 1
11 41 1
12 41 1
13 41 1
14 41 1
15 41 1
16 41 1
17 41 1
18 41 1
19 41 1
20 41 1
21 41 1
22 41 1
23 41 1
24 41 1
25 41 1
26 41 1
27 41 1
28 41 1
29 41 1
30 41 1
31 41 1
32 41 1
33 41 1
34 41 1
35 41 1
36 41 1
37 41 1
38 41 1
39 41 1
40 41 1
41 41 1
42 41 1
43 41 1
44 41 1
45 41 1
46 41 1
47 41 1
48 41 1
49 41 1
50 41 1
0 51 0
1 51 1
2 51 1
3 51 1
4 51 1
5 51 1
6 51 1
7 51 1
8 51 1
9 51 1
10 51 1
11 51 1
12 51 1
13 51 1
14 51 1
15 51 1
16 51 1
17 51 1
18 51 1
19 51 1
20 51 1
21 51 1
22 51 1
23 51 1
24 51 1
25 51 1
26 51 1
27 51 1
28 51 1
29 51 1
30 51 1
31 51 1
32 51 1
33 51 1
34 51 1
35 51 1
36 51 1
37 51 1
38 51 1
39 51 1
40 51 1
41 51 1
42 51 1
43 51 1
44 51 1
45 51 1
46 51 1
47 51 1
48 51 1
49 51 1
50 51 1
0 61 0
1 61 1
2 61 1
3 61 1
4 61 1
5 61 1
6 61 1
7 61 1
8 61 1
9 61 1
10 61 1
11 61 1
12 61 1
13 61 1
14 61 1
15 61 1
16 61 1
17 61 1
18 61 1
19 61 1
20 61 1
21 61 1
22 61 1
23 61 1
24 61 1
25 61 1
26 61 1
27 61 1
28 61 1
29 61 1
30 61 1
31 61 1
32 61 1
33 61 1
34 61 1
35 61 1
36 61 1
37 61 1
38 61 1
39 61 1
40 61 1
41 61 1
42 61 1
43 61 1
44 61 1
45 61 1
46 61 1
47 61 1
48 61 1
49 61 1
50 61 1
0 71 0
1 71 1
2 71 1
3 71 1
4 71 1
5 71 1
6 71 1
7 71 1
8 71 1
9 71 1
10 71 1
11 71 1
12 71 1
13 71 1
14 71 1
15 71 1
16 71 1
17 71 1
18 71 1
19 71 1
20 71 1
21 71 1
22 71 1
23 71 1
24 71 1
25 71 1
26 71 1
27 71 1
28 71 1
29 71 1
30 71 1
31 71 1
32 71 1
33 71 1
34 71 1
35 71 1
36 71 1
37 71 1
38 71 1
39 71 1
40 71 1
41 71 1
42 71 1
43 71 1
44 71 1
45 71 1
46 71 1
47 71 1
48 71 1
49 71 1
50 71 1
0 81 0
1 81 1
2 81 1
3 81 1
4 81 1
5 81 1
6 81 1
7 81 1
8 81 1
9 81 1
10 81 1
11 81 1
12 81 1
13 81 1
14 81 1
15 81 1
16 81 1
17 81 1
18 81 1
19 81 1
20 81 1
21 81 1
22 81 1
23 81 1
24 81 1
25 81 1
26 81 1
27 81 1
28 81 1
29 81 1
30 81 1
31 81 1
32 81 1
33 81 1
34 81 1
35 81 1
36 81 1
37 81 1
38 81 1
39 81 1
40 81 1
41 81 1
42 81 1
43 81 1
44 81 1
45 81 1
46 81 1
47 81 1
48 81 1
49 81 1
50 81 1
0 91 0
1 91 1
2 91 1
3 91 1
4 91 1
5 91 1
6 91 1
7 91 1
8 91 1
9 91 1
10 91 1
11 91 1
12 91 1
13 91 1
14 91 1
15 91 1
16 91 1
17 91 1
18 91 1
19 91 1
20 91 1
21 91 1
22 91 1
23 91 1
24 91 1
25 91 1
26 91 1
27 91 1
28 91 1
29 91 1
30 91 1
31 91 1
32 91 1
33 91 1
34 91 1
35 91 1
36 91 1
37 91 1
38 91 1
39 91 1
40 91 1
41 91 1
42 91 1
43 91 1
44 91 1
45 91 1
46 91 1
47 91 1
48 91 1
49 91 1
50 91 1
0 101 0
1 101 1
2 101 1
3 101 1
4 101 1
5 101 1
6 101 1
7 101 1
8 101 1
9 101 1
10 101 1
11 101 1
12 101 1
13 101 1
14 101 1
15 101 1
16 101 1
17 101 1
18 101 1
19 101 1
20 101 1
21 101 1
22 101 1
23 101 1
24 101 1
25 101 1
26 101 1
27 101 1
28 101 1
29 101 1
30 101 1
31 101 1
32 101 1
33 101 1
34 101 1
35 101 1
36 101 1
37 101 1
38 101 1
39 101 1
40 101 1
41 101 1
42 101 1
43 101 1
44 101 1
45 101 1
46 101 1
47 101 1
48 101 1
49 101 1
50 101 1
0 111 0
1 111 1
2 111 1
3 111 1
4 111 1
5 111 1
6 111 1
7 111 1
8 111 1
9 111 1
10 111 1
11 111 1
12 111 1
13 111 1
14 111 1
15 111 1
16 111 1
17 111 1
18 111 1
19 111 1
20 111 1
21 111 1
22 111 1
23 111 1
24 111 1
25 111 1
26 111 1
27 111 1
28 111 1
29 111 1
30 111 1
31 111 1
32 111 1
33 111 1
34 111 1
35 111 1
36 111 1
37 111 1
38 111 1
39 111 1
40 111 1
41 111 1
42 111 1
43 111 1
44 111 1
45 111 1
46 111 1
47 111 1
48 111 1
49 111 1
50 111 1
0 121 0
1 121 1
2 121 1
3 121 1
4 121 1
5 121 1
6 121 1
7 121 1
8 121 1
9 121 1
10 121 1
11 121 1
12 121 1
13 121 1
14 121 1
15 121 1
16 121 1
17 121 1
18 121 1
19 121 1
20 121 1
21 121 1
22 121 1
23 121 1
24 121 1
25 121 1
26 121 1
27 121 1
28 121 1
29 121 1
30 121 1
31 121 1
32 121 1
33 121 1
34 121 1
35 121 1
36 121 1
37 121 1
38 121 1
39 121 1
40 121 1
41 121 1
42 121 1
43 121 1
44 121 1
45 121 1
46 121 1
47 121 1
48 121 1
49 121 1
50 121 1
0 131 0
1 131 1
2 131 1
3 131 1
4 131 1
5 131 1
6 131 1
7 131 1
8 131 1
9 131 1
10 200 2
10 131 1
11 131 1
12 131 1
13 131 1
14 131 1
15 131 1
16 131 1
17 131 1
18 131 1
19 131 1
20 131 1
21 131 1
22 131 1
23 131 1
24 131 1
25 131 1
26 131 1
27 131 1
28 131 1
29 131 1
30 131 1
31 131 1
32 131 1
33 131 1
34 131 1
35 131 1
36 131 1
37 131 1
38 131 1
39 131 1
40 131 1
41 131 1
42 131 1
43 131 1
44 131 1
45 131 1
46 131 1
47 131 1
48 131 1
49 131 1
50 131 1
0 141 0
1 141 1
2 141 1
3 141 1
4 141 1
5 141 1
6 141 1
7 141 1
8 141 1
9 141 1
10 141 1
11 141 1
12 141 1
13 141 1
14 141 1
15 141 1
16 141 1
17 141 1
18 141 1
19 141 1
20 141 1
21 141 1
22 141 1
23 141 1
24 141 1
25 141 1
26 141 1
27 141 1
28 141 1
29 141 1
30 141 1
31 141 1
32 141 1
33 141 1
34 141 1
35 141 1
36 141 1
37 141 1
38 141 1
39 141 1
40 141 1
41 141 1
42 141 1
43 141 1
44 141 1
45 141 1
46 141 1
47 141 1
48 141 1
49 141 1
50 141 1
0 151 0
1 151 1
2 151 1
3 151 1
4 151 1
5 151 1
6 151 1
7 151 1
8 151 1
9 151 1
10 151 1
11 151 1
12 151 1
13 151 1
14 151 1
15 151 1
16 151 1
17 151 1
18 151 1
19 151 1
20 151 1
21 151 1
22 151 1
23 151 1
24 151 1
25 151 1
26 151 1
27 151 1
28 151 1
29 151 1
30 151 1
31 151 1
32 151 1
33 151 1
34 151 1
35 151 1
36 151 1
37 151 1
38 151 1
39 151 1
40 151 1
41 151 1
42 151 1
43 151 1
44 151 1
45 151 1
46 151 1
47 151 1
48 151 1
49 151 1
50 151 1
0 161 0
1 161 1
2 161 1
3 161 1
4 161 1
5 161 1
6 161 1
7 161 1
8 161 1
9 161 1
10 161 1
11 161 1
12 161 1
13 161 1
14 161 1
15 161 1
16 161 1
17 161 1
18 161 1
19 161 1
20 161 1
21 161 1
22 161 1
23 161 1
24 161 1
25 161 1
26 161 1
27 161 1
28 161 1
29 161 1
30 161 1
31 161 1
32 161 1
33 161 1
34 161 1
35 161 1
36 161 1
37 161 1
38 161 1
39 161 1
40 161 1
41 161 1
42 161 1
43 161 1
44 161 1
45 161 1
46 161 1
47 161 1
48 161 1
49 161 1
50 161 1
0 171 0
1 171 1
2 171 1
3 171 2
4 171 2
5 171 1
6 171 1
7 171 1
8 171 1
9 171 1
10 171 1
11 171 1
12 171 1
13 171 1
14 171 1
15 171 1
16 171 1
17 171 1
18 171 2
19 171 1
20 171 2
21 171 1
22 171 1
23 171 1
24 171 1
25 171 1
26 171 1
27 171 2
28 171 1
29 171 1
30 171 1
31 171 1
32 171 1
33 171 1
34 171 1
35 171 1
36 171 1
37 171 1
38 171 1
39 171 1
40 171 1
41 171 1
42 171 1
43 171 1
44 171 1
45 171 1
46 171 1
47 171 1
48 171 1
49 171 1
50 171 1
0 181 0
1 181 2
2 181 2
3 181 1
4 181 1
5 181 1
6 181 2
7 181 2
8 181 2
9 181 2
10 181 1
11 181 2
12 181 2
13 181 1
14 181 2
15 181 1
16 181 1
17 181 2
18 181 2
19 181 2
20 181 2
21 181 1
22 181 2
23 181 1
24 181 2
25 181 2
26 181 2
27 181 2
28 181 2
29 181 2
30 181 2
31 181 1
32 181 2
33 181 2
34 181 2
35 181 2
36 181 2
37 181 1
38 181 1
39 181 2
40 181 2
41 181 1
42 181 2
43 181 2
44 181 2
45 181 2
46 181 2
47 181 1
48 181 2
49 181 1
50 181 2
0 181 0
1 181 1
2 181 2
3 181 1
4 181 1
5 181 2
6 181 2
7 181 2
8 181 2
9 181 2
10 181 2
11 181 2
12 181 2
13 181 1
14 181 1
15 181 2
16 181 2
17 181 1
18 181 1
19 181 2
20 181 2
21 181 1
22 181 1
23 181 2
24 181 2
25 181 2
26 181 2
27 181 2
28 181 2
29 181 1
30 181 1
31 181 2
32 181 1
33 181 2
34 181 2
35 181 2
36 181 2
37 181 2
38 181 2
39 181 2
40 181 2
41 181 2
42 181 2
43 181 2
44 181 2
45 181 2
46 181 1
47 181 2
48 181 1
49 181 1
50 181 1
0 191 0
1 191 2
2 191 2
3 191 1
4 191 2
5 191 2
6 191 2
7 191 2
8 191 2
9 191 2
10 191 2
11 191 2
12 191 2
13 191 2
14 191 2
15 191 2
16 191 2
17 191 2
18 191 2
19 191 2
20 191 2
21 191 2
22 191 2
23 191 2
24 191 2
25 191 2
26 191 2
27 191 2
28 191 2
29 191 2
30 191 1
31 191 2
32 191 2
33 191 2
34 191 2
35 191 1
36 191 2
37 191 2
38 191 2
39 191 2
40 191 2
41 191 2
42 191 2
43 191 2
44 191 2
45 191 2
46 191 2
47 191 2
48 191 2
49 191 2
50 191 2
0 201 0
1 201 2
2 201 2
3 201 2
4 201 2
5 201 2
6 201 2
7 201 2
8 201 2
9 201 2
10 201 2
11 201 2
12 201 2
13 201 2
14 201 2
15 201 2
16 201 2
17 201 2
18 201 2
19 201 2
20 201 2
21 201 2
22 201 2
23 201 2
24 201 2
25 201 2
26 201 2
27 201 2
28 201 2
29 201 2
30 201 2
31 201 2
32 201 2
33 201 2
34 201 2
35 201 2
36 201 2
37 201 2
38 201 2
39 201 2
40 201 2
41 201 2
42 201 2
43 201 2
44 201 2
45 201 2
46 201 2
47 201 2
48 201 2
49 201 2
50 201 2
0 211 0
1 211 2
2 211 2
3 211 2
4 211 2
5 211 2
6 211 2
7 211 2
8 211 2
9 211 2
10 211 2
11 211 2
12 211 2
13 211 2
14 211 2
15 211 2
16 211 2
17 211 2
18 211 2
19 211 2
20 211 2
21 211 2
22 211 2
23 211 2
24 211 1
25 211 2
26 211 2
27 211 2
28 211 2
29 211 2
30 211 2
31 211 2
32 211 2
33 211 2
34 211 2
35 211 2
36 211 2
37 211 2
38 211 2
39 211 2
40 211 2
41 211 2
42 211 2
43 211 2
44 211 2
45 211 2
46 211 2
47 211 2
48 211 2
49 211 2
50 211 2
0 221 0
1 221 2
2 221 2
3 221 2
4 221 2
5 221 2
6 221 2
7 221 2
8 221 2
9 221 2
10 221 2
11 221 2
12 221 2
13 221 2
14 221 2
15 221 2
16 221 2
17 221 2
18 221 2
19 221 2
20 221 2
21 221 2
22 221 2
23 221 2
24 221 2
25 221 2
26 221 2
27 221 2
28 221 2
29 221 2
30 221 2
31 221 2
32 221 2
33 221 2
34 221 2
35 221 2
36 221 2
37 221 2
38 221 2
39 221 2
40 221 2
41 221 2
42 221 2
43 221 2
44 221 2
45 221 2
46 221 2
47 221 2
48 221 2
49 221 2
50 221 2
0 231 0
1 231 2
2 231 2
3 231 2
4 231 2
5 231 2
6 231 2
7 231 2
8 231 2
9 231 2
10 231 2
11 231 2
12 231 2
13 231 2
14 231 2
15 231 2
16 231 2
17 231 2
18 231 2
19 231 2
20 231 2
21 231 2
22 231 2
23 231 2
24 231 2
25 231 2
26 231 2
27 231 2
28 231 2
29 231 2
30 231 2
31 231 2
32 231 2
33 231 2
34 231 2
35 231 2
36 231 2
37 231 2
38 231 2
39 231 2
40 231 2
41 231 2
42 231 2
43 231 2
44 231 2
45 231 2
46 231 2
47 231 2
48 231 2
49 231 2
50 231 2
0 241 0
1 241 2
2 241 2
3 241 2
4 241 2
5 241 2
6 241 2
7 241 2
8 241 2
9 241 2
10 241 2
11 241 2
12 241 2
13 241 2
14 241 2
15 241 2
16 241 2
17 241 2
18 241 2
19 241 2
20 241 2
21 241 2
22 241 2
23 241 2
24 241 2
25 241 2
26 241 2
27 241 2
28 241 2
29 241 2
30 241 2
31 241 2
32 241 2
33 241 2
34 241 2
35 241 2
36 241 2
37 241 2
38 241 2
39 241 2
40 241 2
41 241 2
42 241 2
43 241 2
44 241 2
45 241 2
46 241 2
47 241 2
48 241 2
49 241 2
50 241 2
0 251 0
1 251 2
2 251 2
3 251 2
4 251 2
5 251 2
6 251 2
7 251 2
8 251 2
9 251 2
10 251 2
11 251 2
12 251 2
13 251 2
14 251 2
15 251 2
16 251 2
17 251 2
18 251 2
19 251 2
20 251 2
21 251 2
22 251 2
23 251 2
24 251 2
25 251 2
26 251 2
27 251 2
28 251 2
29 251 2
30 251 2
31 251 2
32 251 2
33 251 2
34 251 2
35 251 2
36 251 2
37 251 2
38 251 2
39 251 2
40 251 2
41 251 2
42 251 2
43 251 2
44 251 2
45 251 2
46 251 2
47 251 2
48 251 2
49 251 2
50 251 2
0 261 0
1 261 2
2 261 2
3 261 2
4 261 2
5 261 2
6 261 2
7 261 2
8 261 2
9 261 2
10 261 2
11 261 2
12 261 2
13 261 2
14 261 2
15 261 2
16 261 2
17 261 2
18 261 2
19 261 2
20 261 2
21 261 2
22 261 2
23 261 2
24 261 2
25 261 2
26 261 2
27 261 2
28 261 2
29 261 2
30 261 2
31 261 2
32 261 2
33 261 2
34 261 2
35 261 2
36 261 2
37 261 2
38 261 2
39 261 2
40 261 2
41 261 2
42 261 2
43 261 2
44 261 2
45 261 2
46 261 2
47 261 2
48 261 2
49 261 2
50 261 2
0 271 0
1 271 2
2 271 2
3 271 2
4 271 2
5 271 2
6 271 2
7 271 2
8 271 2
9 271 2
10 271 2
11 271 2
12 271 2
13 271 2
14 271 2
15 271 2
16 271 2
17 271 2
18 271 2
19 271 2
20 271 2
21 271 2
22 271 2
23 271 2
24 271 2
25 271 2
26 271 2
27 271 2
28 271 2
29 271 2
30 271 2
31 271 2
32 271 2
33 271 2
34 271 2
35 271 2
36 271 2
37 271 2
38 271 2
39 271 2
40 271 2
41 271 2
42 271 2
43 271 2
44 271 2
45 271 2
46 271 2
47 271 2
48 271 2
49 271 2
50 271 2
0 281 0
1 281 2
2 281 2
3 281 2
4 281 2
5 281 2
6 281 2
7 281 2
8 281 2
9 281 2
10 281 2
11 281 2
12 281 2
13 281 2
14 281 2
15 281 2
16 281 2
17 281 2
18 281 2
19 281 2
20 281 2
21 281 2
22 281 2
23 281 2
24 281 2
25 281 2
26 281 2
27 281 2
28 281 2
29 281 2
30 281 2
31 281 2
32 281 2
33 281 2
34 281 2
35 281 2
36 281 2
37 281 2
38 281 2
39 281 2
40 281 2
41 281 2
42 281 2
43 281 2
44 281 2
45 281 2
46 281 2
47 281 2
48 281 2
49 281 2
50 281 2
0 291 0
1 291 2
2 291 2
3 291 2
4 291 2
5 291 2
6 291 2
7 291 2
8 291 2
9 291 2
10 291 2
11 291 2
12 291 2
13 291 2
14 291 2
15 291 2
16 291 2
17 291 2
18 291 2
19 291 2
20 291 2
21 291 2
22 291 2
23 291 2
24 291 2
25 291 2
26 291 2
27 291 2
28 291 2
29 291 2
30 291 2
31 291 2
32 291 2
33 291 2
34 291 2
35 291 2
36 291 2
37 291 2
38 291 2
39 291 2
40 291 2
41 291 2
42 291 2
43 291 2
44 291 2
45 291 2
46 291 2
47 291 2
48 291 2
49 291 2
50 291 2
0 301 0
1 301 2
2 301 2
3 301 2
4 301 2
5 301 2
6 301 2
7 301 2
8 301 2
9 301 2
10 301 2
11 301 2
12 301 2
13 301 2
14 301 2
15 301 2
16 301 2
17 301 2
18 301 2
19 301 2
20 301 2
21 301 2
22 301 2
23 301 2
24 301 2
25 301 2
26 301 2
27 301 2
28 301 2
29 301 2
30 301 2
31 301 2
32 301 2
33 301 2
34 301 2
35 301 2
36 301 2
37 301 2
38 301 2
39 301 2
40 301 2
41 301 2
42 301 2
43 301 2
44 301 2
45 301 2
46 301 2
47 301 2
48 301 2
49 301 2
50 301 2
0 311 0
1 311 2
2 311 2
3 311 2
4 311 2
5 311 2
6 311 2
7 311 2
8 311 2
9 311 2
10 311 2
11 311 2
12 311 2
13 311 2
14 311 2
15 311 2
16 311 2
17 311 2
18 311 2
19 311 2
20 311 2
21 311 2
22 311 2
23 311 2
24 311 2
25 311 2
26 311 2
27 311 2
28 311 2
29 311 2
30 311 2
31 311 2
32 311 2
33 311 2
34 311 2
35 311 2
36 311 2
37 311 2
38 311 2
39 311 2
40 311 2
41 311 2
42 311 2
43 311 2
44 311 2
45 311 2
46 311 2
47 311 2
48 311 2
49 311 2
50 311 2
0 321 0
1 321 2
2 321 2
3 321 2
4 321 2
5 321 2
6 321 2
7 321 2
8 321 2
9 321 2
10 321 2
11 321 2
12 321 2
13 321 2
14 321 2
15 321 2
16 321 2
17 321 2
18 321 2
19 321 2
20 321 2
21 321 2
22 321 2
23 321 2
24 321 2
25 321 2
26 321 2
27 321 2
28 321 2
29 321 2
30 321 2
31 321 2
32 321 2
33 321 2
34 321 2
35 321 2
36 321 2
37 321 2
38 321 2
39 321 2
40 321 2
41 321 2
42 321 2
43 321 2
44 321 2
45 321 2
46 321 2
47 321 2
48 321 2
49 321 2
50 321 2
0 331 0
1 331 2
2 331 2
3 331 2
4 331 2
5 331 2
6 331 2
7 331 2
8 331 2
9 331 2
10 331 2
11 331 2
12 331 2
13 331 2
14 331 2
15 331 2
16 331 2
17 331 2
18 331 2
19 331 2
20 331 2
21 331 2
22 331 2
23 331 2
24 331 2
25 331 2
26 331 2
27 331 2
28 331 2
29 331 2
30 331 2
31 331 2
32 331 2
33 331 2
34 331 2
35 331 2
36 331 2
37 331 2
38 331 2
39 331 2
40 331 2
41 331 2
42 331 2
43 331 2
44 331 2
45 331 2
46 331 2
47 331 2
48 331 2
49 331 2
50 331 2
0 341 0
1 341 2
2 341 2
3 341 2
4 341 2
5 341 2
6 341 2
7 341 2
8 341 2
9 341 2
10 341 2
11 341 2
12 341 2
13 341 2
14 341 2
15 341 2
16 341 2
17 341 2
18 341 2
19 341 2
20 341 2
21 341 2
22 341 2
23 341 2
24 341 2
25 341 2
26 341 2
27 341 2
28 341 2
29 341 2
30 341 2
31 341 2
32 341 2
33 341 2
34 341 2
35 341 2
36 341 2
37 341 2
38 341 2
39 341 2
40 341 2
41 341 2
42 341 2
43 341 2
44 341 2
45 341 2
46 341 2
47 341 2
48 341 2
49 341 2
50 341 2
0 351 0
1 351 2
2 351 2
3 351 2
4 351 2
5 351 2
6 351 2
7 351 2
8 351 2
9 351 2
10 351 2
11 351 2
12 351 2
13 351 2
14 351 2
15 351 2
16 351 2
17 351 2
18 351 2
19 351 2
20 351 2
21 351 2
22 351 2
23 351 2
24 351 2
25 351 2
26 351 2
27 351 2
28 351 2
29 351 2
30 351 2
31 351 2
32 351 2
33 351 2
34 351 2
35 351 2
36 351 2
37 351 2
38 351 2
39 351 2
40 351 2
41 351 2
42 351 2
43 351 2
44 351 2
45 351 2
46 351 2
47 351 2
48 351 2
49 351 2
50 351 2
0 361 0
1 361 2
2 361 2
3 361 2
4 361 2
5 361 2
6 361 2
7 361 2
8 361 2
9 361 2
10 361 2
11 361 2
12 361 2
13 361 2
14 361 2
15 361 2
16 361 2
17 361 2
18 361 2
19 361 2
20 361 2
21 361 2
22 361 2
23 361 2
24 361 2
25 361 2
26 361 2
27 361 2
28 361 2
29 361 2
30 361 2
31 361 2
32 361 2
33 361 2
34 361 2
35 361 2
36 361 2
37 361 2
38 361 2
39 361 2
40 361 2
41 361 2
42 361 2
43 361 2
44 361 2
45 361 2
46 361 2
47 361 2
48 361 2
49 361 2
50 361 2
0 371 0
1 371 2
2 371 2
3 371 2
4 371 2
5 371 2
6 371 2
7 371 2
8 371 2
9 371 2
10 371 2
11 371 2
12 371 2
13 371 2
14 371 2
15 371 2
16 371 2
17 371 2
18 371 2
19 371 2
20 371 2
21 371 2
22 371 2
23 371 2
24 371 2
25 371 2
26 371 2
27 371 2
28 371 2
29 371 2
30 371 2
31 371 2
32 371 2
33 371 2
34 371 2
35 371 2
36 371 2
37 371 2
38 371 2
39 371 2
40 371 2
41 371 2
42 371 2
43 371 2
44 371 2
45 371 2
46 371 2
47 371 2
48 371 2
49 371 2
50 371 2
0 381 0
1 381 2
2 381 2
3 381 2
4 381 2
5 381 2
6 381 2
7 381 2
8 381 2
9 381 2
10 381 2
11 381 2
12 381 2
13 381 2
14 381 2
15 381 2
16 381 2
17 381 2
18 381 2
19 381 2
20 381 2
21 381 2
22 381 2
23 381 2
24 381 2
25 381 2
26 381 2
27 381 2
28 381 2
29 381 2
30 381 2
31 381 2
32 381 2
33 381 2
34 381 2
35 381 2
36 381 2
37 381 2
38 381 2
39 381 2
40 381 2
41 381 2
42 381 2
43 381 2
44 381 2
45 381 2
46 381 2
47 381 2
48 381 2
49 381 2
50 381 2
0 391 0
1 391 2
2 391 2
3 391 2
4 391 2
5 391 2
6 391 2
7 391 2
8 391 2
9 391 2
10 391 2
11 391 2
12 391 2
13 391 2
14 391 2
15 391 2
16 391 2
17 391 2
18 391 2
19 391 2
20 391 2
21 391 2
22 391 2
23 391 2
24 391 2
25 391 2
26 391 2
27 391 2
28 391 2
29 391 2
30 391 2
31 391 2
32 391 2
33 391 2
34 391 2
35 391 2
36 391 2
37 391 2
38 391 2
39 391 2
40 391 2
41 391 2
42 391 2
43 391 2
44 391 2
45 391 2
46 391 2
47 391 2
48 391 2
49 391 2
50 391 2
0 401 0
1 401 2
2 401 2
3 401 2
4 401 2
5 401 2
6 401 2
7 401 2
8 401 2
9 401 2
10 401 2
11 401 2
12 401 2
13 401 2
14 401 2
15 401 2
16 401 2
17 401 2
18 401 2
19 401 2
20 401 2
21 401 2
22 401 2
23 401 2
24 401 2
25 401 2
26 401 2
27 401 2
28 401 2
29 401 2
30 401 2
31 401 2
32 401 2
33 401 2
34 401 2
35 401 2
36 401 2
37 401 2
38 401 2
39 401 2
40 401 2
41 401 2
42 401 2
43 401 2
44 401 2
45 401 2
46 401 2
47 401 2
48 401 2
49 401 2
50 401 2
0 411 0
1 411 2
2 411 2
3 411 2
4 411 2
5 411 2
6 411 2
7 411 2
8 411 2
9 411 2
10 411 2
11 411 2
12 411 2
13 411 2
14 411 2
15 411 2
16 411 2
17 411 2
18 411 2
19 411 2
20 411 2
21 411 2
22 411 2
23 411 2
24 411 2
25 411 2
26 411 2
27 411 2
28 411 2
29 411 2
30 411 2
31 411 2
32 411 2
33 411 2
34 411 2
35 411 2
36 411 2
37 411 2
38 411 2
39 411 2
40 411 2
41 411 2
42 411 2
43 411 2
44 411 2
45 411 2
46 411 2
47 411 2
48 411 2
49 411 2
50 411 2
0 421 0
1 421 2
2 421 2
3 421 2
4 421 2
5 421 2
6 421 2
7 421 2
8 421 2
9 421 2
10 421 2
11 421 2
12 421 2
13 421 2
14 421 2
15 421 2
16 421 2
17 421 2
18 421 2
19 421 2
20 421 2
21 421 2
22 421 2
23 421 2
24 421 2
25 421 2
26 421 2
27 421 2
28 421 2
29 421 2
30 421 2
31 421 2
32 421 2
33 421 2
34 421 2
35 421 2
36 421 2
37 421 2
38 421 2
39 421 2
40 421 2
41 421 2
42 421 2
43 421 2
44 421 2
45 421 2
46 421 2
47 421 2
48 421 2
49 421 2
50 421 2
0 431 0
1 431 2
2 431 2
3 431 2
4 431 2
5 431 2
6 431 2
7 431 2
8 431 2
9 431 2
10 431 2
11 431 2
12 431 2
13 431 2
14 431 2
15 431 2
16 431 2
17 431 2
18 431 2
19 431 2
20 431 2
21 431 2
22 431 2
23 431 2
24 431 2
25 431 2
26 431 2
27 431 2
28 431 2
29 431 2
30 431 2
31 431 2
32 431 2
33 431 2
34 431 2
35 431 2
36 431 2
37 431 2
38 431 2
39 431 2
40 431 2
41 431 2
42 431 2
43 431 2
44 431 2
45 431 2
46 431 2
47 431 2
48 431 2
49 431 2
50 431 2
0 441 0
1 441 2
2 441 2
3 441 2
4 441 2
5 441 2
6 441 2
7 441 2
8 441 2
9 441 2
10 441 2
11 441 2
12 441 2
13 441 2
14 441 2
15 441 2
16 441 2
17 441 2
18 441 2
19 441 2
20 441 2
21 441 2
22 441 2
23 441 2
24 441 2
25 441 2
26 441 2
27 441 2
28 441 2
29 441 2
30 441 2
31 441 2
32 441 2
33 441 2
34 441 2
35 441 2
36 441 2
37 441 2
38 441 2
39 441 2
40 441 2
41 441 2
42 441 2
43 441 2
44 441 2
45 441 2
46 441 2
47 441 2
48 441 2
49 441 2
50 441 2
0 451 0
1 451 2
2 451 2
3 451 2
4 451 2
5 451 2
6 451 2
7 451 2
8 451 2
9 451 2
10 451 2
11 451 2
12 451 2
13 451 2
14 451 2
15 451 2
16 451 2
17 451 2
18 451 2
19 451 2
20 451 2
21 451 2
22 451 2
23 451 2
24 451 2
25 451 2
26 451 2
27 451 2
28 451 2
29 451 2
30 451 2
31 451 2
32 451 2
33 451 2
34 451 2
35 451 2
36 451 2
37 451 2
38 451 2
39 451 2
40 451 2
41 451 2
42 451 2
43 451 2
44 451 2
45 451 2
46 451 2
47 451 2
48 451 2
49 451 2
50 451 2
0 461 0
1 461 2
2 461 2
3 461 2
4 461 2
5 461 2
6 461 2
7 461 2
8 461 2
9 461 2
10 461 2
11 461 2
12 461 2
13 461 2
14 461 2
15 461 2
16 461 2
17 461 2
18 461 2
19 461 2
20 461 2
21 461 2
22 461 2
23 461 2
24 461 2
25 461 2
26 461 2
27 461 2
28 461 2
29 461 2
30 461 2
31 461 2
32 461 2
33 461 2
34 461 2
35 461 2
36 461 2
37 461 2
38 461 2
39 461 2
40 461 2
41 461 2
42 461 2
43 461 2
44 461 2
45 461 2
46 461 2
47 461 2
48 461 2
49 461 2
50 461 2
0 471 0
1 471 2
2 471 2
3 471 2
4 471 2
5 471 2
6 471 2
7 471 2
8 471 2
9 471 2
10 471 2
11 471 2
12 471 2
13 471 2
14 471 2
15 471 2
16 471 2
17 471 2
18 471 2
19 471 2
20 471 2
21 471 2
22 471 2
23 471 2
24 471 2
25 471 2
26 471 2
27 471 2
28 471 2
29 471 2
30 471 2
31 471 2
32 471 2
33 471 2
34 471 2
35 471 2
36 471 2
37 471 2
38 471 2
39 471 2
40 471 2
41 471 2
42 471 2
43 471 2
44 471 2
45 471 2
46 471 2
47 471 2
48 471 2
49 471 2
50 471 2
0 481 0
1 481 2
2 481 2
3 481 2
4 481 2
5 481 2
6 481 2
7 481 2
8 481 2
9 481 2
10 481 2
11 481 2
12 481 2
13 481 2
14 481 2
15 481 2
16 481 2
17 481 2
18 481 2
19 481 2
20 481 2
21 481 2
22 481 2
23 481 2
24 481 2
25 481 2
26 481 2
27 481 2
28 481 2
29 481 2
30 481 2
31 481 2
32 481 2
33 481 2
34 481 2
35 481 2
36 481 2
37 481 2
38 481 2
39 481 2
40 481 2
41 481 2
42 481 2
43 481 2
44 481 2
45 481 2
46 481 2
47 481 2
48 481 2
49 481 2
50 481 2
0 491 0
1 491 2
2 491 2
3 491 2
4 491 2
5 491 2
6 491 2
7 491 2
8 491 2
9 491 2
10 491 2
11 491 2
12 491 2
13 491 2
14 491 2
15 491 2
16 491 2
17 491 2
18 491 2
19 491 2
20 491 2
21 491 2
22 491 2
23 491 2
24 491 2
25 491 2
26 491 2
27 491 2
28 491 2
29 491 2
30 491 2
31 491 2
32 491 2
33 491 2
34 491 2
35 491 2
36 491 2
37 491 2
38 491 2
39 491 2
40 491 2
41 491 2
42 491 2
43 491 2
44 491 2
45 491 2
46 491 2
47 491 2
48 491 2
49 491 2
50 491 2
0 501 0
1 501 2
2 501 2
3 501 2
4 501 2
5 501 2
6 501 2
7 501 2
8 501 2
9 501 2
10 501 2
11 501 2
12 501 2
13 501 2
14 501 2
15 501 2
16 501 2
17 501 2
18 501 2
19 501 2
20 501 2
21 501 2
22 501 2
23 501 2
24 501 2
25 501 2
26 501 2
27 501 2
28 501 2
29 501 2
30 501 2
31 501 2
32 501 2
33 501 2
34 501 2
35 501 2
36 501 2
37 501 2
38 501 2
39 501 2
40 501 2
41 501 2
42 501 2
43 501 2
44 501 2
45 501 2
46 501 2
47 501 2
48 501 2
49 501 2
50 501 2
0 511 0
1 511 2
2 511 2
3 511 2
4 511 2
5 511 2
6 511 2
7 511 2
8 511 2
9 511 2
10 511 2
11 511 2
12 511 2
13 511 2
14 511 2
15 511 2
16 511 2
17 511 2
18 511 2
19 511 2
20 511 2
21 511 2
22 511 2
23 511 2
24 511 2
25 511 2
26 511 2
27 511 2
28 511 2
29 511 2
30 511 2
31 511 2
32 511 2
33 511 2
34 511 2
35 511 2
36 511 2
37 511 2
38 511 2
39 511 2
40 511 2
41 511 2
42 511 2
43 511 2
44 511 2
45 511 2
46 511 2
47 511 2
48 511 2
49 511 2
50 511 2
0 521 0
1 521 2
2 521 2
3 521 2
4 521 2
5 521 2
6 521 2
7 521 2
8 521 2
9 521 2
10 521 2
11 521 2
12 521 2
13 521 2
14 521 2
15 521 2
16 521 2
17 521 2
18 521 2
19 521 2
20 521 2
21 521 2
22 521 2
23 521 2
24 521 2
25 521 2
26 521 2
27 521 2
28 521 2
29 521 2
30 521 2
31 521 2
32 521 2
33 521 2
34 521 2
35 521 2
36 521 2
37 521 2
38 521 2
39 521 2
40 521 2
41 521 2
42 521 2
43 521 2
44 521 2
45 521 2
46 521 2
47 521 2
48 521 2
49 521 2
50 521 2
0 531 0
1 531 2
2 531 2
3 531 2
4 531 2
5 531 2
6 531 2
7 531 2
8 531 2
9 531 2
10 531 2
11 531 2
12 531 2
13 531 2
14 531 2
15 531 2
16 531 2
17 531 2
18 531 2
19 531 2
20 531 2
21 531 2
22 531 2
23 531 2
24 531 2
25 531 2
26 531 2
27 531 2
28 531 2
29 531 2
30 531 2
31 531 2
32 531 2
33 531 2
34 531 2
35 531 2
36 531 2
37 531 2
38 531 2
39 531 2
40 531 2
41 531 2
42 531 2
43 531 2
44 531 2
45 531 2
46 531 2
47 531 2
48 531 2
49 531 2
50 531 2
0 541 0
1 541 2
2 541 2
3 541 2
4 541 2
5 541 2
6 541 2
7 541 2
8 541 2
9 541 2
10 541 2
11 541 2
12 541 2
13 541 2
14 541 2
15 541 2
16 541 2
17 541 2
18 541 2
19 541 2
20 541 2
21 541 2
22 541 2
23 541 2
24 541 2
25 541 2
26 541 2
27 541 2
28 541 2
29 541 2
30 541 2
31 541 2
32 541 2
33 541 2
34 541 2
35 541 2
36 541 2
37 541 2
38 541 2
39 541 2
40 541 2
41 541 2
42 541 2
43 541 2
44 541 2
45 541 2
46 541 2
47 541 2
48 541 2
49 541 2
50 541 2
0 551 0
1 551 2
2 551 2
3 551 2
4 551 2
5 551 2
6 551 2
7 551 2
8 551 2
9 551 2
10 551 2
11 551 2
12 551 2
13 551 2
14 551 2
15 551 2
16 551 2
17 551 2
18 551 2
19 551 2
20 551 2
21 551 2
22 551 2
23 551 2
24 551 2
25 551 2
26 551 2
27 551 2
28 551 2
29 551 2
30 551 2
31 551 2
32 551 2
33 551 2
34 551 2
35 551 2
36 551 2
37 551 2
38 551 2
39 551 2
40 551 2
41 551 2
42 551 2
43 551 2
44 551 2
45 551 2
46 551 2
47 551 2
48 551 2
49 551 2
50 551 2
0 561 0
5 561 2
0 561 0
5 561 2
10 561 2
15 561 2
20 561 2
25 561 2
30 561 2
35 561 2
40 561 2
45 561 2
50 561 2
0 611 0
5 611 2
10 611 2
15 611 2
20 611 2
25 611 2
30 611 2
35 611 2
40 611 2
45 611 2
50 611 2
0 661 0
5 661 2
10 661 2
15 661 2
20 661 2
25 661 2
30 661 2
35 661 2
40 661 2
45 661 2
50 661 2
0 711 0
5 711 2
10 711 2
15 711 2
20 711 2
25 711 2
30 711 2
35 711 2
40 711 2
45 711 2
50 711 2
0 761 0
5 761 1
10 761 1
15 761 2
20 761 2
25 761 2
30 761 2
35 761 2
40 761 2
45 761 2
50 761 2
0 811 0
5 811 0
10 811 1
15 811 2
20 811 2
25 811 2
30 811 2
35 811 2
40 811 1
45 811 2
50 811 2
0 861 0
5 861 0
10 861 0
15 861 0
20 861 0
25 861 2
30 861 1
35 861 2
40 861 2
45 861 2
50 861 2
0 911 0
5 911 0
10 911 0
15 911 0
20 911 1
25 911 0
30 911 1
35 911 2
40 911 2
45 911 0
50 911 0
0 961 0
5 961 0
10 961 0
15 961 0
20 961 0
25 961 0
30 961 1
35 961 0
40 961 0
45 961 1
50 961 0
0 571 0
5 571 2
10 571 2
15 571 2
20 571 2
25 571 2
30 571 2
35 571 2
40 571 2
45 571 2
50 571 2
0 581 0
5 581 2
10 581 2
15 581 2
20 581 2
25 581 2
30 581 2
35 581 2
40 581 2
45 581 2
50 581 2
0 591 0
5 591 2
10 591 2
15 591 2
20 591 2
25 591 2
30 591 2
35 591 2
40 591 2
45 591 2
50 591 2
0 601 0
5 601 2
10 601 2
15 601 2
20 601 2
25 601 2
30 601 2
35 601 2
40 601 2
45 601 2
50 601 2
0 611 0
0 621 0
5 621 2
10 621 2
15 621 2
20 621 2
25 621 2
30 621 2
35 621 2
40 621 2
45 621 2
50 621 2
0 631 0
5 631 2
10 631 2
15 631 2
20 631 2
25 631 2
30 631 2
35 631 2
40 631 2
45 631 2
50 631 2
0 641 0
5 641 2
10 641 2
15 641 2
20 641 2
25 641 2
30 641 2
35 641 2
40 641 2
45 641 2
50 641 2
0 651 0
5 651 2
10 651 2
15 651 2
20 651 2
25 651 2
30 651 2
35 651 2
40 651 2
45 651 2
50 651 2
0 661 0
0 661 0
5 661 2
10 661 2
15 661 2
20 661 2
25 661 2
30 661 2
35 661 2
40 661 2
45 661 2
50 661 2
0 671 0
5 671 2
10 671 2
15 671 2
20 671 2
25 671 2
30 671 2
35 671 2
40 671 2
45 671 2
50 671 2
0 681 0
5 681 2
10 681 2
15 681 2
20 681 2
25 681 2
30 681 2
35 681 2
40 681 2
45 681 2
50 681 2
0 691 0
5 691 2
10 691 2
15 691 2
20 691 2
25 691 2
30 691 2
35 691 2
40 691 2
45 691 2
50 691 2
0 701 0
5 701 2
10 701 2
15 701 2
20 701 2
25 701 2
30 701 2
35 701 2
40 701 2
45 701 2
50 701 2
0 711 0
5 711 2
10 711 2
15 711 2
20 711 2
25 711 2
30 711 2
35 711 2
40 711 2
45 711 2
50 711 2
0 721 0
5 721 2
10 721 2
15 721 2
20 721 2
25 721 2
30 721 2
35 721 2
40 721 2
45 721 2
50 721 2
0 731 0
5 731 2
10 731 2
15 731 2
20 731 2
25 731 2
30 731 2
35 731 2
40 731 2
45 731 2
50 731 2
0 741 0
5 741 1
10 741 2
15 741 2
20 741 2
25 741 2
30 741 2
35 741 2
40 741 2
45 741 2
50 741 2
0 751 0
5 751 2
10 751 1
15 751 2
20 751 2
25 751 2
30 751 2
35 751 2
40 751 2
45 751 2
50 751 2
0 761 0
5 761 2
10 761 2
15 761 2
20 761 2
25 761 2
30 761 2
35 761 2
40 761 2
45 761 2
50 761 2
0 771 0
5 771 1
10 771 1
15 771 2
20 771 2
25 771 2
30 771 2
35 771 2
40 771 2
45 771 2
50 771 2
0 781 0
5 781 2
10 781 2
15 781 2
20 781 2
25 781 2
30 781 2
35 781 2
40 781 2
45 781 2
50 781 2
0 791 0
5 791 1
10 791 0
15 791 0
20 791 2
25 791 2
30 791 2
35 791 2
40 791 2
45 791 2
50 791 2
0 801 0
5 801 0
10 801 2
15 801 2
20 801 1
25 801 2
30 801 2
35 801 2
40 801 2
45 801 2
50 801 2
0 811 0
5 811 0
10 811 1
15 811 2
20 811 2
25 811 2
30 811 2
35 811 2
40 811 2
45 811 2
50 811 2
0 821 0
5 821 1
10 821 1
15 821 1
20 821 2
25 821 2
30 821 2
35 821 2
40 821 2
45 821 2
50 821 2
0 831 0
5 831 1
10 831 0
15 831 1
20 831 1
25 831 2
30 831 2
35 831 2
40 831 2
45 831 2
50 831 2
0 841 0
5 841 0
10 841 0
15 841 2
20 841 1
25 841 2
30 841 2
35 841 2
40 841 2
45 841 2
50 841 2
0 851 0
5 851 0
10 851 1
15 851 2
20 851 0
25 851 2
30 851 0
35 851 2
40 851 1
45 851 2
50 851 2
0 861 0
5 861 0
10 861 1
15 861 0
20 861 2
25 861 0
30 861 2
35 861 2
40 861 2
45 861 2
50 861 2
0 871 0
5 871 0
10 871 0
15 871 0
20 871 1
25 871 1
30 871 0
35 871 0
40 871 1
45 871 1
50 871 2
0 881 0
5 881 0
10 881 0
15 881 1
20 881 1
25 881 2
30 881 0
35 881 2
40 881 0
45 881 0
50 881 2
0 891 0
5 891 0
10 891 0
15 891 0
20 891 0
25 891 1
30 891 0
35 891 0
40 891 2
45 891 0
50 891 1
0 901 0
5 901 0
10 901 0
15 901 0
20 901 1
25 901 1
30 901 1
35 901 2
40 901 0
45 901 0
50 901 1
0 911 0
5 911 0
10 911 0
15 911 0
20 911 0
25 911 0
30 911 1
35 911 1
40 911 2
45 911 2
50 911 0
0 921 0
5 921 0
10 921 0
15 921 0
20 921 0
25 921 0
30 921 0
35 921 2
40 921 1
45 921 1
50 921 2
0 931 0
5 931 0
10 931 0
15 931 0
20 931 0
25 931 1
30 931 0
35 931 0
40 931 2
45 931 0
50 931 2
0 941 0
5 941 0
10 941 0
15 941 1
20 941 0
25 941 0
30 941 0
35 941 0
40 941 0
45 941 2
50 941 0
0 951 0
5 951 0
10 951 0
15 951 0
20 951 0
25 951 0
30 951 0
35 951 0
40 951 1
45 951 0
50 951 1
0 961 0
5 961 0
10 961 0
15 961 0
20 961 0
25 961 0
30 961 0
35 961 0
40 961 1
45 961 0
50 961 1
0 971 0
5 971 0
10 971 0
15 971 0
20 971 0
25 971 0
30 971 0
35 971 0
40 971 0
45 971 0
50 971 0
0 981 0
5 981 0
10 981 0
0 981 0
5 981 0
10 981 0
15 981 0
20 981 0
25 981 0
30 981 0
35 981 0
40 981 0
45 981 0
50 981 0
0 991 0
5 991 0
10 991 0
15 991 0
20 991 0
25 991 0
30 991 0
35 991 0
40 991 0
45 991 2
50 991 2
0 1001 0
5 1001 0
10 1001 0
15 1001 0
20 1001 0
25 1001 0
30 1001 0
35 1001 0
40 1001 0
45 1001 0
50 1001 0
0 561 0
1 561 2
2 561 2
3 561 2
4 561 2
5 561 2
6 561 2
7 561 2
8 561 2
9 561 2
10 561 2
11 561 2
12 561 2
13 561 2
14 561 2
15 561 2
16 561 2
17 561 2
18 561 2
19 561 2
20 561 2
21 561 2
22 561 2
23 561 2
24 561 2
25 561 2
26 561 2
27 561 2
28 561 2
29 561 2
30 561 2
31 561 2
32 561 2
33 561 2
34 561 2
35 561 2
36 561 2
37 561 2
38 561 2
39 561 2
40 561 2
41 561 2
42 561 2
43 561 2
44 561 2
45 561 2
46 561 2
47 561 2
48 561 2
49 561 2
50 561 2
0 571 0
1 571 2
2 571 2
3 571 2
4 571 2
5 571 2
6 571 2
7 571 2
8 571 2
9 571 2
10 571 2
11 571 2
12 571 2
13 571 2
14 571 2
15 571 2
16 571 2
17 571 2
18 571 2
19 571 2
20 571 2
21 571 2
22 571 2
23 571 2
24 571 2
25 571 2
26 571 2
27 571 2
28 571 2
29 571 2
30 571 2
31 571 2
32 571 2
33 571 2
34 571 2
35 571 2
36 571 2
37 571 2
38 571 2
39 571 2
40 571 2
41 571 2
42 571 2
43 571 2
44 571 2
45 571 2
46 571 2
47 571 2
48 571 2
49 571 2
50 571 2
0 581 0
1 581 2
2 581 2
3 581 2
4 581 2
5 581 2
6 581 2
7 581 2
8 581 2
9 581 2
10 581 2
11 581 2
12 581 2
13 581 2
14 581 2
15 581 2
16 581 2
17 581 2
18 581 2
19 581 2
20 581 2
21 581 2
22 581 2
23 581 2
24 581 2
25 581 2
26 581 2
27 581 2
28 581 2
29 581 2
30 581 2
31 581 2
32 581 2
33 581 2
34 581 2
35 581 2
36 581 2
37 581 2
38 581 2
39 581 2
40 581 2
41 581 2
42 581 2
43 581 2
44 581 2
45 581 2
46 581 2
47 581 2
48 581 2
49 581 2
50 581 2
0 591 0
1 591 2
2 591 2
3 591 2
4 591 2
5 591 2
6 591 2
7 591 2
8 591 2
9 591 2
10 591 2
11 591 2
12 591 2
13 591 2
14 591 2
15 591 2
16 591 2
17 591 2
18 591 2
19 591 2
20 591 2
21 591 2
22 591 2
23 591 2
24 591 2
25 591 2
26 591 2
27 591 2
28 591 2
29 591 2
30 591 2
31 591 2
32 591 2
33 591 2
34 591 2
35 591 2
36 591 2
37 591 2
38 591 2
39 591 2
40 591 2
41 591 2
42 591 2
43 591 2
44 591 2
45 591 2
46 591 2
47 591 2
48 591 2
49 591 2
50 591 2
0 601 0
1 601 2
2 601 2
3 601 2
4 601 2
5 601 2
6 601 2
7 601 2
8 601 2
9 601 2
10 601 2
11 601 2
12 601 2
13 601 2
14 601 2
15 601 2
16 601 2
17 601 2
18 601 2
19 601 2
20 601 2
21 601 2
22 601 2
23 601 2
24 601 2
25 601 2
26 601 2
27 601 2
28 601 2
29 601 2
30 601 2
31 601 2
32 601 2
33 601 2
34 601 2
35 601 2
36 601 2
37 601 2
38 601 2
39 601 2
40 601 2
41 601 2
42 601 2
43 601 2
44 601 2
45 601 2
46 601 2
47 601 2
48 601 2
49 601 2
50 601 2
0 611 0
1 611 2
2 611 2
3 611 2
4 611 2
5 611 2
6 611 2
7 611 2
8 611 2
9 611 2
10 611 2
11 611 2
12 611 2
13 611 2
14 611 2
15 611 2
16 611 2
17 611 2
18 611 2
19 611 2
20 611 2
21 611 2
22 611 2
23 611 2
24 611 2
25 611 2
26 611 2
27 611 2
28 611 2
29 611 2
30 611 2
31 611 2
32 611 2
33 611 2
34 611 2
35 611 2
36 611 2
37 611 2
38 611 2
39 611 2
40 611 2
41 611 2
42 611 2
43 611 2
44 611 2
45 611 2
46 611 2
47 611 2
48 611 2
49 611 2
50 611 2
0 621 0
1 621 2
2 621 2
3 621 2
4 621 2
5 621 2
6 621 2
7 621 2
8 621 2
9 621 2
10 621 2
11 621 2
12 621 2
13 621 2
14 621 2
15 621 2
16 621 2
17 621 2
18 621 2
19 621 2
20 621 2
21 621 2
22 621 2
23 621 2
24 621 2
25 621 2
26 621 2
27 621 2
28 621 2
29 621 2
30 621 2
31 621 2
32 621 2
33 621 2
34 621 2
35 621 2
36 621 2
37 621 2
38 621 2
39 621 2
40 621 2
41 621 2
42 621 2
43 621 2
44 621 2
45 621 2
46 621 2
47 621 2
48 621 2
49 621 2
50 621 2
0 631 0
1 631 2
2 631 2
3 631 2
4 631 2
5 631 2
6 631 2
7 631 2
8 631 2
9 631 2
10 631 2
11 631 2
12 631 2
13 631 2
14 631 2
15 631 2
16 631 2
17 631 2
18 631 2
19 631 2
20 631 2
21 631 2
22 631 2
23 631 2
24 631 2
25 631 2
26 631 2
27 631 2
28 631 2
29 631 2
30 631 2
31 631 2
32 631 2
33 631 2
34 631 2
35 631 2
36 631 2
37 631 2
38 631 2
39 631 2
40 631 2
41 631 2
42 631 2
43 631 2
44 631 2
45 631 2
46 631 2
47 631 2
48 631 2
49 631 2
50 631 2
0 641 0
1 641 2
2 641 2
3 641 2
4 641 2
5 641 2
6 641 2
7 641 2
8 641 2
9 641 2
10 641 2
11 641 2
12 641 2
13 641 2
14 641 2
15 641 2
16 641 2
17 641 2
18 641 2
19 641 2
20 641 2
21 641 2
22 641 2
23 641 2
24 641 2
25 641 2
26 641 2
27 641 2
28 641 2
29 641 2
30 641 2
31 641 2
32 641 2
33 641 2
34 641 2
35 641 2
36 641 2
37 641 2
38 641 2
39 641 2
40 641 2
41 641 2
42 641 2
43 641 2
44 641 2
45 641 2
46 641 2
47 641 2
48 641 2
49 641 2
50 641 2
0 651 0
1 651 1
2 651 2
3 651 2
4 651 2
5 651 2
6 651 2
7 651 2
8 651 2
9 651 2
10 651 2
11 651 2
12 651 2
13 651 2
14 651 2
15 651 2
16 651 2
17 651 2
18 651 2
19 651 2
20 651 2
21 651 2
22 651 2
23 651 2
24 651 2
25 651 2
26 651 2
27 651 2
28 651 2
29 651 2
30 651 2
31 651 2
32 651 2
33 651 2
34 651 2
35 651 2
36 651 2
37 651 2
38 651 2
39 651 2
40 651 2
41 651 2
42 651 2
43 651 2
44 651 2
45 651 2
46 651 2
47 651 2
48 651 2
49 651 2
50 651 2
0 661 0
1 661 2
2 661 2
3 661 2
4 661 2
5 661 2
6 661 2
7 661 2
8 661 2
9 661 2
10 661 2
11 661 2
12 661 2
13 661 2
14 661 2
15 661 2
16 661 2
17 661 2
18 661 2
19 661 2
20 661 2
21 661 2
22 661 2
23 661 2
24 661 2
25 661 2
26 661 2
27 661 2
28 661 2
29 661 2
30 661 2
31 661 2
32 661 2
33 661 2
34 661 2
35 661 2
36 661 2
37 661 2
38 661 2
39 661 2
40 661 2
41 661 2
42 661 2
43 661 2
44 661 2
45 661 2
46 661 2
47 661 2
48 661 2
49 661 2
50 661 2
0 671 0
1 671 2
2 671 2
3 671 1
4 671 2
5 671 2
6 671 2
7 671 2
8 671 2
9 671 2
10 671 2
11 671 2
12 671 2
13 671 2
14 671 2
15 671 2
16 671 2
17 671 2
18 671 2
19 671 2
20 671 2
21 671 2
22 671 2
23 671 2
24 671 2
25 671 2
26 671 2
27 671 2
28 671 2
29 671 2
30 671 2
31 671 2
32 671 2
33 671 2
34 671 2
35 671 2
36 671 2
37 671 2
38 671 2
39 671 2
40 671 2
41 671 2
42 671 2
43 671 2
44 671 2
45 671 2
46 671 2
47 671 2
48 671 2
49 671 2
50 671 2
0 681 0
1 681 2
2 681 2
3 681 1
4 681 2
5 681 2
6 681 2
7 681 2
8 681 2
9 681 2
10 681 2
11 681 2
12 681 2
13 681 2
14 681 2
15 681 2
16 681 2
17 681 2
18 681 2
19 681 2
20 681 2
21 681 2
22 681 2
23 681 2
24 681 2
25 681 2
26 681 2
27 681 2
28 681 2
29 681 2
30 681 2
31 681 2
32 681 2
33 681 2
34 681 2
35 681 2
36 681 2
37 681 2
38 681 2
39 681 2
40 681 2
41 681 2
42 681 2
43 681 2
44 681 2
45 681 2
46 681 2
47 681 2
48 681 2
49 681 2
50 681 2
0 691 0
1 691 1
2 691 2
3 691 2
4 691 2
5 691 2
6 691 2
7 691 2
8 691 2
9 691 2
10 691 2
11 691 2
12 691 2
13 691 2
14 691 2
15 691 2
16 691 2
17 691 2
18 691 2
19 691 2
20 691 2
21 691 2
22 691 2
23 691 2
24 691 2
25 691 2
26 691 2
27 691 2
28 691 2
29 691 2
30 691 2
31 691 2
32 691 2
33 691 2
34 691 2
35 691 2
36 691 2
37 691 2
38 691 2
39 691 2
40 691 2
41 691 2
42 691 2
43 691 2
44 691 2
45 691 2
46 691 2
47 691 2
48 691 2
49 691 2
50 691 2
0 701 0
1 701 0
2 701 2
3 701 2
4 701 2
5 701 2
6 701 2
7 701 2
8 701 2
9 701 2
10 701 2
11 701 2
12 701 2
13 701 2
14 701 2
15 701 2
16 701 2
17 701 2
18 701 2
19 701 2
20 701 2
21 701 2
22 701 2
23 701 2
24 701 2
25 701 2
26 701 2
27 701 2
28 701 2
29 701 2
30 701 2
31 701 2
32 701 2
33 701 2
34 701 2
35 701 2
36 701 2
37 701 2
38 701 2
39 701 2
40 701 2
41 701 2
42 701 2
43 701 2
44 701 2
45 701 2
46 701 2
47 701 2
48 701 2
49 701 2
50 701 2
0 711 0
1 711 0
2 711 2
3 711 2
4 711 2
5 711 2
6 711 2
7 711 2
8 711 2
9 711 2
10 711 2
11 711 2
12 711 2
13 711 2
14 711 2
15 711 2
16 711 2
17 711 2
18 711 2
19 711 2
20 711 2
21 711 2
22 711 2
23 711 2
24 711 2
25 711 2
26 711 2
27 711 2
28 711 2
29 711 2
30 711 2
31 711 2
32 711 2
33 711 2
34 711 2
35 711 2
36 711 2
37 711 2
38 711 2
39 711 2
40 711 2
41 711 2
42 711 2
43 711 2
44 711 2
45 711 2
46 711 2
47 711 2
48 711 2
49 711 2
50 711 2
0 721 0
1 721 0
2 721 1
3 721 2
4 721 1
5 721 2
6 721 2
7 721 2
8 721 2
9 721 2
10 721 2
11 721 2
12 721 2
13 721 2
14 721 2
15 721 2
16 721 2
17 721 2
18 721 2
19 721 2
20 721 2
21 721 2
22 721 2
23 721 2
24 721 2
25 721 2
26 721 2
27 721 2
28 721 2
29 721 2
30 721 2
31 721 2
32 721 2
33 721 2
34 721 2
35 721 2
36 721 2
37 721 2
38 721 2
39 721 2
40 721 2
41 721 2
42 721 2
43 721 2
44 721 2
45 721 2
46 721 2
47 721 2
48 721 2
49 721 2
50 721 2
0 731 0
1 731 0
2 731 0
3 731 2
4 731 2
5 731 0
6 731 2
7 731 2
8 731 2
9 731 2
10 731 2
11 731 2
12 731 2
13 731 2
14 731 2
15 731 2
16 731 2
17 731 2
18 731 2
19 731 2
20 731 2
21 731 2
22 731 2
23 731 2
24 731 2
25 731 2
26 731 2
27 731 2
28 731 2
29 731 2
30 731 2
31 731 2
32 731 2
33 731 2
34 731 2
35 731 2
36 731 2
37 731 2
38 731 2
39 731 2
40 731 2
41 731 2
42 731 2
43 731 2
44 731 2
45 731 2
46 731 2
47 731 2
48 731 2
49 731 2
50 731 2
0 741 0
1 741 2
2 741 0
3 741 1
4 741 0
5 741 2
6 741 0
7 741 2
8 741 2
9 741 2
10 741 2
11 741 2
12 741 2
13 741 2
14 741 2
15 741 2
16 741 2
17 741 2
18 741 2
19 741 2
20 741 2
21 741 2
22 741 2
23 741 2
24 741 2
25 741 2
26 741 2
27 741 2
28 741 2
29 741 2
30 741 2
31 741 2
32 741 2
33 741 2
34 741 2
35 741 2
36 741 2
37 741 2
38 741 2
39 741 2
40 741 2
41 741 2
42 741 2
43 741 2
44 741 2
45 741 2
46 741 2
47 741 2
48 741 2
49 741 2
50 741 2
0 751 0
1 751 0
2 751 0
3 751 0
4 751 2
5 751 2
6 751 2
7 751 2
8 751 2
9 751 2
10 751 2
11 751 2
12 751 2
13 751 2
14 751 2
15 751 2
16 751 2
17 751 2
18 751 2
19 751 2
20 751 2
21 751 2
22 751 2
23 751 2
24 751 2
25 751 2
26 751 2
27 751 2
28 751 2
29 751 2
30 751 2
31 751 2
32 751 2
33 751 2
34 751 2
35 751 2
36 751 2
37 751 2
38 751 2
39 751 2
40 751 2
41 751 2
42 751 2
43 751 2
44 751 2
45 751 2
46 751 2
47 751 2
48 751 2
49 751 2
50 751 2
0 761 0
1 761 0
2 761 0
3 761 0
4 761 2
5 761 0
6 761 1
7 761 1
8 761 2
9 761 2
10 761 2
11 761 2
12 761 2
13 761 2
14 761 2
15 761 2
16 761 2
17 761 2
18 761 2
19 761 2
20 761 2
21 761 2
22 761 2
23 761 2
24 761 2
25 761 2
26 761 2
27 761 2
28 761 2
29 761 2
30 761 2
31 761 2
32 761 2
33 761 2
34 761 2
35 761 2
36 761 2
37 761 2
38 761 2
39 761 2
40 761 2
41 761 2
42 761 2
43 761 2
44 761 2
45 761 2
46 761 2
47 761 2
48 761 2
49 761 2
50 761 2
0 771 0
1 771 0
2 771 0
3 771 2
4 771 2
5 771 1
6 771 1
7 771 2
8 771 2
9 771 1
10 771 2
11 771 2
12 771 2
13 771 2
14 771 2
15 771 2
16 771 2
17 771 2
18 771 2
19 771 2
20 771 2
21 771 2
22 771 2
23 771 2
24 771 2
25 771 2
26 771 2
27 771 2
28 771 2
29 771 2
30 771 2
31 771 2
32 771 2
33 771 2
34 771 2
35 771 2
36 771 2
37 771 2
38 771 2
39 771 2
40 771 2
41 771 2
42 771 2
43 771 2
44 771 2
45 771 2
46 771 2
47 771 2
48 771 2
49 771 2
50 771 2
0 781 0
1 781 0
2 781 0
3 781 0
4 781 2
5 781 0
6 781 0
7 781 0
8 781 2
9 781 1
10 781 0
11 781 1
12 781 0
13 781 2
14 781 2
15 781 2
16 781 2
17 781 2
18 781 2
19 781 2
20 781 0
21 781 2
22 781 2
23 781 2
24 781 2
25 781 2
26 781 2
27 781 2
28 781 2
29 781 2
30 781 2
31 781 2
32 781 2
33 781 2
34 781 2
35 781 2
36 781 2
37 781 2
38 781 2
39 781 2
40 781 2
41 781 2
42 781 2
43 781 2
44 781 2
45 781 2
46 781 2
47 781 2
48 781 2
49 781 0
50 781 2
0 791 0
1 791 0
2 791 0
3 791 1
4 791 0
5 791 0
6 791 2
7 791 1
8 791 2
9 791 2
10 791 1
11 791 2
12 791 2
13 791 2
14 791 2
15 791 2
16 791 2
17 791 1
18 791 2
19 791 2
20 791 2
21 791 2
22 791 2
23 791 2
24 791 2
25 791 2
26 791 2
27 791 2
28 791 2
29 791 2
30 791 2
31 791 2
32 791 2
33 791 2
34 791 2
35 791 2
36 791 2
37 791 2
38 791 2
39 791 2
40 791 2
41 791 2
42 791 2
43 791 2
44 791 2
45 791 2
46 791 2
47 791 2
48 791 2
49 791 2
50 791 2
0 801 0
1 801 0
2 801 0
3 801 0
4 801 0
5 801 0
6 801 1
7 801 0
8 801 2
9 801 2
10 801 2
11 801 0
12 801 1
13 801 2
14 801 1
15 801 2
16 801 0
17 801 1
18 801 2
19 801 2
20 801 2
21 801 2
22 801 2
23 801 0
24 801 2
25 801 0
26 801 2
27 801 2
28 801 2
29 801 2
30 801 2
31 801 2
32 801 2
33 801 2
34 801 2
35 801 2
36 801 2
37 801 1
38 801 2
39 801 2
40 801 2
41 801 2
42 801 2
43 801 2
44 801 2
45 801 2
46 801 2
47 801 2
48 801 2
49 801 2
50 801 2
0 811 0
1 811 0
2 811 0
3 811 0
4 811 0
5 811 0
6 811 2
7 811 2
8 811 0
9 811 2
10 811 2
11 811 1
12 811 2
13 811 1
14 811 2
15 811 2
16 811 2
17 811 2
18 811 1
19 811 2
20 811 2
21 811 2
22 811 2
23 811 2
24 811 2
25 811 2
26 811 1
27 811 2
28 811 1
29 811 1
30 811 2
31 811 2
32 811 2
33 811 2
34 811 2
35 811 2
36 811 2
37 811 2
38 811 2
39 811 2
40 811 0
41 811 2
42 811 2
43 811 2
44 811 2
45 811 2
46 811 2
47 811 2
48 811 2
49 811 2
50 811 2
0 821 0
1 821 0
2 821 0
3 821 0
4 821 0
5 821 1
6 821 0
7 821 0
8 821 0
9 821 2
10 821 2
11 821 1
12 821 0
13 821 0
14 821 1
15 821 0
16 821 1
17 821 2
18 821 1
19 821 1
20 821 2
21 821 1
22 821 2
23 821 2
24 821 2
25 821 2
26 821 2
27 821 2
28 821 2
29 821 2
30 821 2
31 821 2
32 821 2
33 821 2
34 821 2
35 821 2
36 821 1
37 821 2
38 821 2
39 821 2
40 821 2
41 821 2
42 821 2
43 821 2
44 821 2
45 821 2
46 821 2
47 821 2
48 821 2
49 821 2
50 821 2
0 831 0
1 831 0
2 831 0
3 831 0
4 831 0
5 831 0
6 831 0
7 831 0
8 831 1
9 831 0
10 831 0
11 831 2
12 831 0
13 831 0
14 831 1
15 831 1
16 831 2
17 831 1
18 831 2
19 831 1
20 831 2
21 831 1
22 831 1
23 831 1
24 831 0
25 831 2
26 831 2
27 831 2
28 831 1
29 831 2
30 831 1
31 831 2
32 831 2
33 831 1
34 831 2
35 831 2
36 831 2
37 831 2
38 831 2
39 831 2
40 831 2
41 831 2
42 831 2
43 831 2
44 831 2
45 831 2
46 831 2
47 831 2
48 831 2
49 831 2
50 831 2
0 841 0
1 841 0
2 841 0
3 841 0
4 841 0
5 841 0
6 841 0
7 841 0
8 841 0
9 841 0
10 841 0
11 841 0
12 841 1
13 841 0
14 841 1
15 841 2
16 841 2
17 841 0
18 841 1
19 841 1
20 841 2
21 841 2
22 841 1
23 841 1
24 841 2
25 841 1
26 841 1
27 841 1
28 841 2
29 841 2
30 841 2
31 841 2
32 841 2
33 841 2
34 841 2
35 841 2
36 841 0
37 841 1
38 841 2
39 841 2
40 841 1
41 841 2
42 841 2
43 841 2
44 841 2
45 841 2
46 841 2
47 841 2
48 841 2
49 841 1
50 841 2
0 851 0
1 851 0
2 851 0
3 851 0
4 851 0
5 851 0
6 851 0
7 851 1
8 851 0
9 851 0
10 851 2
11 851 0
12 851 0
13 851 2
14 851 0
15 851 2
16 851 2
17 851 1
18 851 0
19 851 0
20 851 1
21 851 1
22 851 2
23 851 0
24 851 2
25 851 2
26 851 2
27 851 1
28 851 0
29 851 0
30 851 1
31 851 0
32 851 0
33 851 2
34 851 2
35 851 2
36 851 2
37 851 2
38 851 2
39 851 2
40 851 2
41 851 2
42 851 1
43 851 2
44 851 2
45 851 2
46 851 2
47 851 2
48 851 2
49 851 2
50 851 2
0 861 0
1 861 0
2 861 0
3 861 0
4 861 0
5 861 0
6 861 2
7 861 0
8 861 0
9 861 0
10 861 0
11 861 2
12 861 1
13 861 2
14 861 0
15 861 0
16 861 0
17 861 2
18 861 0
19 861 1
20 861 1
21 861 1
22 861 2
23 861 1
24 861 1
25 861 2
26 861 1
27 861 2
28 861 2
29 861 1
30 861 0
31 861 1
32 861 0
33 861 2
34 861 2
35 861 2
36 861 2
37 861 2
38 861 2
39 861 1
40 861 2
41 861 0
42 861 2
43 861 2
44 861 2
45 861 2
46 861 2
47 861 0
48 861 2
49 861 2
50 861 1
0 871 0
1 871 0
2 871 0
3 871 0
4 871 0
5 871 0
6 871 0
7 871 0
8 871 0
9 871 0
10 871 0
11 871 0
12 871 2
13 871 0
14 871 1
15 871 0
16 871 0
17 871 0
18 871 2
19 871 2
20 871 2
21 871 1
22 871 2
23 871 2
24 871 1
25 871 2
26 871 1
27 871 2
28 871 2
29 871 0
30 871 1
31 871 1
32 871 2
33 871 0
34 871 2
35 871 0
36 871 2
37 871 2
38 871 2
39 871 2
40 871 1
41 871 1
42 871 1
43 871 2
44 871 2
45 871 2
46 871 0
47 871 2
48 871 2
49 871 2
50 871 2
0 881 0
1 881 0
2 881 0
3 881 0
4 881 0
5 881 0
6 881 0
7 881 0
8 881 0
9 881 1
10 881 0
11 881 1
12 881 0
13 881 1
14 881 0
15 881 0
16 881 1
17 881 2
18 881 2
19 881 1
20 881 0
21 881 0
22 881 0
23 881 0
24 881 0
25 881 1
26 881 1
27 881 2
28 881 1
29 881 2
30 881 0
31 881 1
32 881 1
33 881 0
34 881 1
35 881 1
36 881 2
37 881 1
38 881 2
39 881 0
40 881 0
41 881 1
42 881 2
43 881 2
44 881 1
45 881 1
46 881 1
47 881 1
48 881 2
49 881 1
50 881 2
0 891 0
1 891 0
2 891 0
3 891 0
4 891 0
5 891 0
6 891 0
7 891 0
8 891 0
9 891 0
10 891 0
11 891 0
12 891 0
13 891 0
14 891 0
15 891 0
16 891 0
17 891 0
18 891 0
19 891 0
20 891 2
21 891 0
22 891 0
23 891 1
24 891 2
25 891 0
26 891 0
27 891 1
28 891 0
29 891 2
30 891 2
31 891 0
32 891 1
33 891 2
34 891 0
35 891 1
36 891 1
37 891 0
38 891 1
39 891 1
40 891 1
41 891 0
42 891 1
43 891 0
44 891 2
45 891 2
46 891 1
47 891 2
48 891 0
49 891 0
50 891 2
0 901 0
1 901 0
2 901 0
3 901 0
4 901 0
5 901 0
6 901 0
7 901 0
8 901 0
9 901 0
10 901 0
11 901 0
12 901 0
13 901 0
14 901 1
15 901 0
16 901 0
17 901 1
18 901 0
19 901 0
20 901 0
21 901 0
22 901 0
23 901 0
24 901 0
25 901 0
26 901 2
27 901 0
28 901 1
29 901 2
30 901 0
31 901 0
32 901 2
33 901 0
34 901 2
35 901 0
36 901 2
37 901 1
38 901 0
39 901 0
40 901 0
41 901 2
42 901 2
43 901 1
44 901 0
45 901 0
46 901 2
47 901 0
48 901 0
49 901 0
50 901 1
0 911 0
1 911 0
2 911 0
3 911 0
4 911 0
5 911 0
6 911 0
7 911 0
8 911 0
9 911 0
10 911 0
11 911 0
12 911 0
13 911 0
14 911 0
15 911 0
16 911 0
17 911 0
18 911 0
19 911 1
20 911 0
21 911 0
22 911 0
23 911 0
24 911 2
25 911 0
26 911 1
27 911 0
28 911 0
29 911 0
30 911 1
31 911 0
32 911 1
33 911 0
34 911 1
35 911 1
36 911 0
37 911 0
38 911 0
39 911 2
40 911 0
41 911 2
42 911 1
43 911 1
44 911 2
45 911 0
46 911 0
47 911 1
48 911 0
49 911 2
50 911 0
0 921 0
1 921 0
2 921 0
3 921 0
4 921 0
5 921 0
6 921 0
7 921 0
8 921 0
9 921 0
10 921 0
11 921 0
12 921 0
13 921 0
14 921 0
15 921 0
16 921 0
17 921 0
18 921 0
19 921 0
20 921 0
21 921 0
22 921 0
23 921 0
24 921 1
25 921 0
26 921 0
27 921 0
28 921 0
29 921 0
30 921 0
31 921 0
32 921 0
33 921 2
34 921 1
35 921 0
36 921 0
37 921 0
38 921 0
39 921 0
40 921 0
41 921 1
42 921 2
43 921 0
44 921 1
45 921 1
46 921 0
47 921 0
48 921 1
49 921 0
50 921 2
0 931 0
1 931 0
2 931 0
3 931 0
4 931 0
5 931 0
6 931 0
7 931 0
8 931 1
9 931 0
10 931 0
11 931 0
12 931 0
13 931 0
14 931 1
15 931 0
16 931 0
17 931 1
18 931 1
19 931 0
20 931 0
21 931 0
22 931 0
23 931 0
24 931 1
25 931 1
26 931 2
27 931 0
28 931 0
29 931 0
30 931 0
31 931 0
32 931 0
33 931 0
34 931 0
35 931 1
36 931 2
37 931 0
38 931 0
39 931 1
40 931 1
41 931 0
42 931 2
43 931 0
44 931 0
45 931 1
46 931 0
47 931 2
48 931 0
49 931 2
50 931 2
0 941 0
1 941 0
2 941 0
3 941 0
4 941 0
5 941 0
6 941 0
7 941 0
8 941 0
9 941 0
10 941 0
11 941 0
12 941 0
13 941 0
14 941 0
15 941 0
16 941 0
17 941 0
18 941 0
19 941 0
20 941 0
21 941 0
22 941 0
23 941 0
24 941 0
25 941 0
26 941 0
27 941 1
28 941 0
29 941 0
30 941 0
31 941 0
32 941 0
33 941 0
34 941 1
35 941 0
36 941 0
37 941 1
38 941 0
39 941 0
40 941 0
41 941 0
42 941 2
43 941 0
44 941 0
45 941 0
46 941 0
47 941 0
48 941 1
49 941 0
50 941 0
0 951 0
1 951 0
2 951 0
3 951 0
4 951 0
5 951 0
6 951 0
7 951 0
8 951 0
9 951 0
10 951 0
11 951 0
12 951 0
13 951 0
14 951 0
15 951 0
16 951 0
17 951 0
18 951 0
19 951 0
20 951 0
21 951 1
22 951 0
23 951 0
24 951 0
25 951 0
26 951 0
27 951 0
28 951 0
29 951 0
30 951 0
31 951 0
32 951 0
33 951 0
34 951 0
35 951 0
36 951 1
37 951 1
38 951 0
39 951 0
40 951 0
41 951 1
42 951 2
43 951 1
44 951 0
45 951 0
46 951 0
47 951 0
48 951 1
49 951 0
50 951 1
0 961 0
1 961 0
2 961 0
3 961 0
4 961 0
5 961 0
6 961 0
7 961 0
8 961 0
9 961 0
10 961 0
11 961 0
12 961 0
13 961 0
14 961 0
15 961 0
16 961 0
17 961 0
18 961 0
19 961 0
20 961 0
21 961 0
22 961 0
23 961 0
24 961 1
25 961 2
26 961 0
27 961 0
28 961 0
29 961 0
30 961 1
31 961 0
32 961 0
33 961 0
34 961 0
35 961 0
36 961 0
37 961 0
38 961 0
39 961 0
40 961 0
41 961 0
42 961 1
43 961 0
44 961 1
45 961 0
46 961 1
47 961 0
48 961 0
49 961 0
50 961 0
0 971 0
1 971 0
2 971 0
3 971 0
4 971 0
5 971 0
6 971 0
7 971 0
8 971 0
9 971 0
10 971 0
11 971 0
12 971 0
13 971 0
14 971 0
15 971 0
16 971 0
17 971 0
18 971 0
19 971 0
20 971 0
21 971 0
22 971 0
23 971 2
24 971 0
25 971 0
26 971 0
27 971 0
28 971 0
29 971 0
30 971 1
31 971 0
32 971 1
33 971 0
34 971 0
35 971 0
36 971 0
37 971 0
38 971 1
39 971 2
40 971 1
41 971 0
42 971 0
43 971 0
44 971 0
45 971 0
46 971 0
47 971 1
48 971 1
49 971 0
50 971 2
0 981 0
1 981 0
2 981 0
3 981 0
4 981 0
5 981 0
6 981 0
7 981 0
8 981 0
9 981 0
10 981 0
11 981 0
12 981 0
13 981 0
14 981 0
15 981 0
16 981 1
17 981 0
18 981 0
19 981 0
20 981 0
21 981 0
22 981 0
23 981 0
24 981 0
25 981 0
26 981 0
27 981 0
28 981 0
29 981 0
30 981 0
31 981 2
32 981 0
33 981 0
34 981 0
35 981 0
36 981 0
37 981 0
38 981 0
39 981 2
40 981 2
41 981 0
42 981 0
43 981 0
44 981 0
45 981 0
46 981 0
47 981 0
48 981 0
49 981 0
50 981 0
0 991 0
1 991 0
2 991 0
3 991 0
4 991 0
5 991 0
6 991 0
7 991 0
8 991 0
9 991 0
10 991 0
11 991 0
12 991 0
13 991 0
14 991 0
15 991 0
16 991 0
17 991 0
18 991 0
19 991 0
20 991 0
21 991 0
22 991 0
23 991 0
24 991 0
25 991 0
26 991 0
27 991 0
28 991 0
29 991 0
30 991 0
31 991 0
32 991 0
33 991 0
34 991 0
35 991 0
36 991 0
37 991 0
38 991 0
39 991 0
40 991 0
41 991 1
42 991 0
43 991 0
44 991 1
45 991 0
46 991 0
47 991 0
48 991 0
49 991 0
50 991 0
0 1001 0
1 1001 0
2 1001 0
3 1001 0
4 1001 0
5 1001 0
6 1001 0
7 1001 0
8 1001 0
9 1001 0
10 1001 0
11 1001 0
12 1001 0
13 1001 0
14 1001 0
15 1001 0
16 1001 0
17 1001 0
18 1001 0
19 1001 0
20 1001 0
21 1001 0
22 1001 0
23 1001 0
24 1001 0
25 1001 0
26 1001 0
27 1001 0
28 1001 0
29 1001 0
30 1001 0
31 1001 0
32 1001 0
33 1001 0
34 1001 0
35 1001 0
36 1001 0
37 1001 0
38 1001 0
39 1001 0
40 1001 0
41 1001 0
42 1001 0
43 1001 0
44 1001 0
45 1001 0
46 1001 0
47 1001 1
48 1001 0
49 1001 0
50 1001 1
