0
0.115544
0.105482
0.0957995
0.0869667
0.0788385
0.0715878
0.0648682
0.058844
0.0533041
0.0480479
0.0434475
0.0391345
0.0353833
0.0321518
0.0290426
0.0261486
0.0236896
0.0214287
0.0193977
0.0175836
0.0157882
0.0142928
0.0129708
0.0117746
0.0106591
0.0096395
0.00871325
0.00789305
0.00715332
0.00647485
0.00587447
0.00531539
0.00481664
0.00436224
0.00395123
0.00358634
0.00323807
0.00292232
0.00264084
0.00238518
0.00215615
0.00195761
0.00176746
0.00160366
0.00144955
0.0013145
0.00118852
0.00107571
0.000971951
0.000879008
0.000793295
0.000718973
0.000652215
0.00059124
0.000533678
0.000483772
0.000436103
0.000394705
0.000356368
0.000322756
0.000292698
0.000265337
0.000240208
0.000217074
0.000196834
0.000177765
0.000160721
0.000145541
0.000131728
0.000119275
0.000108054
9.78273e-05
8.84515e-05
7.98907e-05
7.21706e-05
6.52274e-05
5.8825e-05
5.32527e-05
4.80037e-05
4.34086e-05
3.92454e-05
3.55473e-05
3.21069e-05
2.90423e-05
2.62557e-05
2.36754e-05
2.13617e-05
1.93279e-05
1.74875e-05
1.57948e-05
1.42727e-05
1.28749e-05
1.16042e-05
1.05491e-05
9.51856e-06
8.61861e-06
7.79251e-06
7.0499e-06
6.36836e-06
5.76111e-06
5.21451e-06
4.72675e-06
4.26481e-06
3.86043e-06
3.48652e-06
3.14963e-06
2.835e-06
2.56447e-06
2.31529e-06
2.09563e-06
1.89416e-06
1.71273e-06
1.54875e-06
1.40231e-06
1.26753e-06
1.1452e-06
1.03058e-06
9.32901e-07
8.46006e-07
7.63135e-07
6.88315e-07
6.23088e-07
5.63855e-07
5.09519e-07
4.61407e-07
4.16752e-07
3.77636e-07
3.41166e-07
3.08327e-07
2.77911e-07
2.51094e-07
2.27298e-07
2.05652e-07
1.8516e-07
1.67265e-07
1.51255e-07
1.3642e-07
1.22792e-07
1.10802e-07
1.0036e-07
9.09443e-08
8.21169e-08
7.41624e-08
6.71735e-08
6.06145e-08
5.47309e-08
4.93762e-08
4.46015e-08
4.02721e-08
3.62999e-08
3.27225e-08
2.9579e-08
2.67685e-08
2.41476e-08
2.18255e-08
1.96709e-08
1.77827e-08
1.61039e-08
1.45561e-08
1.31285e-08
1.18484e-08
1.07193e-08
9.66563e-09
8.71037e-09
7.87756e-09
7.14023e-09
6.43814e-09
5.79888e-09
5.23648e-09
4.72751e-09
4.27578e-09
3.85925e-09
3.47271e-09
3.14027e-09
2.84352e-09
2.568e-09
2.32081e-09
2.09412e-09
1.89075e-09
1.70922e-09
1.54698e-09
1.39693e-09
1.26111e-09
1.13909e-09
1.0269e-09
9.2721e-10
8.38001e-10
7.57759e-10
6.8443e-10
6.18786e-10
5.57847e-10
5.05178e-10
4.56831e-10
4.11766e-10
3.72539e-10
3.37309e-10
3.0502e-10
2.76345e-10
2.49358e-10
2.24979e-10
2.03273e-10
1.83615e-10
1.65888e-10
1.50011e-10
1.35646e-10
1.22229e-10
1.10442e-10
9.97968e-11
9.00947e-11
8.12424e-11
7.34563e-11
6.6138e-11
5.98586e-11
5.40952e-11
4.88547e-11
4.40848e-11
3.97922e-11
3.59569e-11
3.25269e-11
2.93926e-11
2.65649e-11
2.40073e-11
2.17028e-11
1.96195e-11
1.77495e-11
1.60439e-11
1.45107e-11
1.3112e-11
1.18417e-11
1.07054e-11
9.66102e-12
8.73728e-12
7.89595e-12
7.13039e-12
6.43935e-12
5.8289e-12
5.27495e-12
4.76655e-12
4.30261e-12
3.88283e-12
3.50754e-12
3.16685e-12
2.85355e-12
2.5814e-12
2.33397e-12
2.11061e-12
1.90103e-12
1.71818e-12
1.55311e-12
1.39982e-12
1.26327e-12
1.14034e-12
1.02946e-12
9.30811e-13
8.39987e-13
7.57703e-13
6.85399e-13
6.19559e-13
5.58781e-13
5.05027e-13
4.55222e-13
4.10743e-13
3.70615e-13
3.348e-13
3.02701e-13
2.73351e-13
2.46903e-13
2.22976e-13
2.01132e-13
1.82237e-13
1.6466e-13
1.48827e-13
1.34585e-13
1.21303e-13
1.09477e-13
9.88831e-14
8.89741e-14
8.00459e-14
7.23503e-14
6.53879e-14
5.91756e-14
5.34471e-14
4.82379e-14
4.35753e-14
3.93298e-14
3.54333e-14
3.19714e-14
2.88468e-14
2.60722e-14
2.35577e-14
2.12866e-14
1.92307e-14
1.73835e-14
1.57262e-14
1.42137e-14
1.28302e-14
1.15695e-14
1.04487e-14
9.44079e-15
8.53835e-15
7.69942e-15
6.95966e-15
6.26997e-15
5.66637e-15
5.12304e-15
4.62627e-15
4.17895e-15
3.77917e-15
3.41421e-15
3.08249e-15
2.78278e-15
2.50541e-15
2.26301e-15
2.04351e-15
1.84512e-15
1.66672e-15
1.50391e-15
1.35814e-15
1.22542e-15
1.10564e-15
1.00003e-15
9.02885e-16
8.13919e-16
7.35277e-16
6.64536e-16
5.99714e-16
5.41379e-16
4.89125e-16
4.42049e-16
3.9906e-16
3.60263e-16
3.2555e-16
2.94155e-16
2.66054e-16
2.40284e-16
2.17074e-16
1.95914e-16
1.76905e-16
1.60108e-16
1.44716e-16
1.30533e-16
1.17907e-16
1.06239e-16
9.59761e-17
8.64563e-17
7.81842e-17
7.07146e-17
6.36234e-17
5.74634e-17
5.19598e-17
4.68304e-17
4.2274e-17
3.81322e-17
3.44744e-17
3.11475e-17
2.81284e-17
2.53513e-17
2.28881e-17
2.06222e-17
1.86055e-17
1.68122e-17
1.51842e-17
1.37157e-17
1.23932e-17
1.12062e-17
1.01217e-17
9.14712e-18
8.26351e-18
7.46471e-18
6.73445e-18
6.08729e-18
5.50393e-18
4.96203e-18
4.48044e-18
4.03956e-18
3.65102e-18
3.2998e-18
2.97101e-18
2.68631e-18
2.42236e-18
2.18512e-18
1.97201e-18
1.7822e-18
1.61022e-18
1.45517e-18
1.31624e-18
1.18837e-18
1.07297e-18
9.68343e-19
8.75417e-19
7.89711e-19
7.13338e-19
6.44853e-19
5.81892e-19
5.25547e-19
4.74903e-19
4.29324e-19
3.87971e-19
3.50637e-19
3.16779e-19
2.85554e-19
2.57492e-19
2.32613e-19
2.09778e-19
1.89382e-19
1.71089e-19
1.54281e-19
1.39325e-19
1.25793e-19
1.13509e-19
1.02566e-19
9.22471e-20
8.33303e-20
7.52298e-20
6.80521e-20
6.14762e-20
5.55455e-20
5.02123e-20
4.53675e-20
4.09074e-20
3.69535e-20
3.33575e-20
3.00976e-20
2.71978e-20
2.45807e-20
2.21952e-20
2.00426e-20
1.81191e-20
1.63679e-20
1.4796e-20
1.33518e-20
1.2062e-20
1.08965e-20
9.84471e-21
8.85861e-21
8.00165e-21
7.22625e-21
6.51473e-21
5.89007e-21
5.31892e-21
4.79864e-21
4.33377e-21
3.91226e-21
3.53674e-21
3.19428e-21
2.88315e-21
2.59932e-21
2.34459e-21
2.11277e-21
1.90722e-21
1.72322e-21
1.55384e-21
1.40172e-21
1.26664e-21
1.14424e-21
1.03418e-21
9.33777e-22
8.43978e-22
7.60872e-22
6.86826e-22
6.20834e-22
5.59988e-22
5.04947e-22
4.55747e-22
4.11823e-22
3.71541e-22
3.35615e-22
3.02051e-22
2.72352e-22
2.46273e-22
2.22371e-22
2.00891e-22
1.81216e-22
1.63871e-22
1.48256e-22
1.33883e-22
1.20818e-22
1.08988e-22
9.84705e-23
8.88432e-23
8.01465e-23
7.23863e-23
6.52561e-23
5.88772e-23
5.32371e-23
4.80982e-23
4.34136e-23
3.92424e-23
3.54153e-23
3.19666e-23
2.88553e-23
2.60938e-23
2.35241e-23
2.12399e-23
1.91977e-23
1.73331e-23
1.5654e-23
1.41466e-23
1.27737e-23
1.15299e-23
