1.26953
0.105526
0.00987768
0.0012706
0.000779495
0.000370431
0.000245109
0.000635292
0.000667403
0.000361245
0.000667609
0.000439048
0.000798253
0.000314581
0.000368997
0.000198004
0.000315688
0.000235568
0.000143083
0.000259809
0.000128689
0.000356944
0.000171106
7.68718e-05
0.000131603
0.000146976
8.59572e-05
0.000110674
8.76416e-05
8.18328e-05
6.2923e-05
6.49614e-05
5.0604e-05
4.95233e-05
2.07384e-05
2.80217e-05
3.65277e-05
3.63784e-05
3.65321e-05
3.7734e-05
4.83946e-05
1.48856e-05
1.44885e-05
1.94075e-05
1.2709e-05
1.59512e-05
4.42283e-06
1.42247e-05
1.10283e-05
7.29865e-06
1.07035e-05
8.66118e-06
8.05566e-06
3.95745e-06
6.72917e-06
1.05873e-05
4.27558e-06
6.48137e-06
3.38183e-06
5.60955e-06
3.36398e-06
1.57746e-06
2.32377e-06
2.10157e-07
3.08838e-06
2.14286e-06
3.13417e-06
1.84304e-06
1.16326e-06
1.15127e-06
1.11688e-06
1.06631e-06
1.04318e-06
6.32766e-07
5.84376e-07
1.15679e-06
9.02021e-07
8.49328e-07
5.49134e-07
1.00735e-06
5.86083e-07
3.13858e-07
2.43459e-07
4.19177e-07
3.103e-07
3.31894e-07
4.31046e-07
2.44192e-07
1.26329e-07
2.12833e-07
1.77234e-07
2.48479e-07
2.02334e-07
2.42212e-07
9.60705e-08
1.13325e-07
1.20751e-07
8.67748e-08
5.37365e-08
6.49531e-08
4.63195e-08
4.62545e-08
2.66597e-08
6.02427e-08
1.42114e-08
2.11502e-08
2.67885e-08
5.18859e-08
2.59095e-08
2.28299e-08
2.47007e-08
1.50065e-08
1.64104e-08
1.47729e-08
1.82859e-08
1.76274e-08
1.66747e-08
2.06611e-08
4.59556e-09
7.25096e-09
6.3517e-09
9.11802e-09
8.88669e-09
4.71306e-09
3.37311e-09
3.12502e-09
4.83585e-09
3.13553e-09
3.55279e-09
4.52524e-09
6.08285e-09
3.58192e-09
3.41066e-09
1.94902e-09
3.87102e-09
2.88878e-09
2.14223e-09
1.86826e-09
2.04604e-09
1.83501e-09
8.65399e-10
5.54065e-10
1.15815e-09
5.26872e-10
5.9469e-10
5.62111e-10
7.03057e-10
6.50062e-10
5.05542e-10
6.69302e-10
6.29297e-10
5.83638e-10
2.92293e-10
1.7678e-10
3.0692e-10
2.3487e-10
2.89626e-10
1.67464e-10
1.64952e-10
1.58304e-10
1.66475e-10
1.52614e-10
9.50939e-11
1.16547e-10
1.52276e-10
9.71226e-11
3.84619e-11
8.1067e-11
1.05751e-10
7.43711e-11
4.05713e-11
3.88298e-11
3.7946e-11
6.99396e-11
2.25396e-11
1.4635e-11
1.63617e-11
2.7746e-11
2.59367e-11
1.64818e-11
2.7017e-11
1.08687e-11
1.05657e-11
1.47911e-11
9.22415e-12
1.17235e-11
9.60897e-12
1.08222e-11
1.0203e-11
7.92842e-12
6.84874e-12
6.69015e-12
5.06695e-12
5.9848e-12
6.17208e-12
3.46558e-12
1.83572e-12
2.83261e-12
2.68893e-12
2.93529e-12
3.03836e-12
1.91633e-12
1.15309e-12
2.16085e-12
1.72715e-12
1.1362e-12
1.63542e-12
1.4437e-12
9.26198e-13
8.77783e-13
1.69533e-12
5.92241e-13
1.02298e-12
4.91108e-13
4.3064e-13
4.57693e-13
7.26003e-13
4.21471e-13
3.1786e-13
2.73129e-13
2.39935e-13
2.27184e-13
2.32592e-13
2.18573e-13
1.0412e-13
2.24159e-13
2.22253e-13
1.03395e-13
9.92493e-14
1.29061e-13
9.12768e-14
1.3813e-13
7.87736e-14
7.53346e-14
9.78626e-14
8.41519e-14
4.69679e-14
2.79904e-14
3.8088e-14
5.85945e-14
4.43199e-14
4.53386e-14
4.39543e-14
4.77038e-14
9.40441e-15
1.03158e-14
2.67055e-14
4.40531e-14
1.77836e-14
1.78556e-14
2.26464e-14
1.54664e-14
1.09991e-14
1.07609e-14
8.18366e-15
8.13143e-15
1.05595e-14
5.79214e-15
5.64553e-15
8.13977e-15
3.874e-15
5.54629e-15
4.44218e-15
4.99779e-15
4.19306e-15
2.79095e-15
2.47718e-15
2.7908e-15
2.13196e-15
2.57474e-15
1.15758e-15
3.00046e-15
1.58971e-15
1.05242e-15
1.48891e-15
1.16792e-15
9.25115e-16
1.44714e-15
1.3048e-15
8.82891e-16
4.58484e-16
3.58149e-16
3.35082e-16
5.95297e-16
3.98224e-16
4.52742e-16
6.36731e-16
5.49423e-16
2.98778e-16
1.85784e-16
2.31038e-16
1.18768e-16
1.79706e-16
1.65624e-16
1.40088e-16
5.92865e-17
1.31302e-16
1.59762e-16
1.02613e-16
1.16157e-16
8.66462e-17
1.03168e-16
9.01876e-17
9.75042e-17
5.41939e-17
3.73122e-17
3.4883e-17
3.43188e-17
3.92264e-17
5.10229e-17
3.63555e-17
2.84727e-17
4.39359e-17
3.79351e-17
1.89571e-17
1.85576e-17
1.65636e-17
2.36574e-17
1.96809e-17
1.78902e-17
1.67776e-17
6.86543e-18
1.58447e-17
9.65702e-18
7.31901e-18
7.91785e-18
7.74369e-18
6.32508e-18
6.39785e-18
4.43937e-18
5.62153e-18
3.82612e-18
4.22059e-18
3.62279e-18
1.7552e-18
2.47429e-18
3.25598e-18
2.41255e-18
2.3495e-18
7.09744e-19
6.73795e-19
1.63279e-18
1.76502e-18
1.46821e-18
1.20882e-18
1.3582e-18
6.26514e-19
5.80107e-19
1.41645e-18
7.54532e-19
4.62215e-19
5.74762e-19
5.27846e-19
4.87008e-19
2.57595e-19
2.68696e-19
2.58039e-19
4.36453e-19
2.41224e-19
2.59006e-19
2.95155e-19
2.41481e-19
1.83215e-19
1.41576e-19
1.04275e-19
4.14206e-20
1.41076e-19
8.92224e-20
8.90003e-20
8.61966e-20
8.57374e-20
3.89995e-20
4.7871e-20
1.01316e-19
4.21552e-20
3.13814e-20
3.6586e-20
2.37484e-20
4.26261e-20
3.68595e-20
3.17201e-20
2.82571e-20
2.94095e-20
1.80754e-20
2.43627e-20
1.55931e-20
1.55191e-20
1.14107e-20
1.05053e-20
6.61173e-21
8.31235e-21
1.04247e-20
6.65985e-21
6.58478e-21
5.89548e-21
8.09483e-21
5.06128e-21
5.26461e-21
3.38415e-21
4.16998e-21
2.58342e-21
4.63274e-21
5.58657e-21
1.84121e-21
2.68697e-21
2.14286e-21
2.24882e-21
2.45831e-21
1.60554e-21
1.03949e-21
1.62636e-21
9.78921e-22
1.41511e-21
1.17948e-21
7.45471e-22
6.17157e-22
7.81319e-22
7.1513e-22
2.75009e-22
4.11318e-22
4.32748e-22
5.12444e-22
5.33203e-22
4.8604e-22
1.9878e-22
2.07533e-22
2.79402e-22
2.12287e-22
1.08198e-22
1.0522e-22
1.02732e-22
2.42817e-22
1.63869e-22
1.37429e-22
9.98739e-23
1.41448e-22
4.69664e-23
9.6015e-23
7.855e-23
4.62101e-23
7.32595e-23
5.61367e-23
2.88007e-23
3.70743e-23
2.73824e-23
3.75199e-23
3.89015e-23
4.65218e-23
2.95117e-23
3.63888e-23
2.24755e-23
1.47492e-23
1.96679e-23
1.74187e-23
1.23522e-23
9.8883e-24
1.13319e-23
1.61943e-23
8.4546e-24
9.87303e-24
8.01375e-24
4.21173e-24
7.62549e-24
9.19847e-24
4.62287e-24
2.89365e-24
4.82114e-24
3.739e-24
5.3277e-24
3.77682e-24
2.37751e-24
2.267e-24
2.20609e-24
2.4905e-24
1.11126e-24
1.42999e-24
1.24211e-24
1.00042e-24
1.34433e-24
1.10375e-24
1.12523e-24
1.05056e-24
8.11598e-25
7.96512e-25
9.08465e-25
3.57267e-25
3.41547e-25
5.26158e-25
2.73191e-25
4.69313e-25
3.70595e-25
3.25569e-25
1.34789e-25
3.62319e-25
2.08863e-25
1.55069e-25
1.58808e-25
1.22745e-25
1.02914e-25
1.23323e-25
1.14792e-25
