1.23047
0.12207
0.0121826
0.00120605
0.000118896
1.1792e-05
1.16699e-06
1.15234e-07
1.13525e-08
1.12549e-09
1.12061e-10
1.11328e-11
1.1084e-12
1.10352e-13
1.08154e-14
1.0791e-15
1.0791e-16
1.06689e-17
1.05957e-18
1.04736e-19
1.0376e-20
1.03516e-21
1.02783e-22
1.01562e-23
9.98535e-25
9.86328e-26
9.79004e-27
9.69238e-28
9.59473e-29
9.44824e-30
9.35059e-31
9.22852e-32
9.13086e-33
8.98437e-34
8.91113e-35
8.81348e-36
8.64258e-37
8.59375e-38
8.54492e-39
8.44727e-40
8.3252e-41
8.30078e-42
8.1543e-43
8.10547e-44
7.9834e-45
7.88574e-46
7.8125e-47
7.73926e-48
7.66602e-49
7.61719e-50
7.54395e-51
7.51953e-52
7.42187e-53
7.34863e-54
7.25098e-55
7.20215e-56
7.10449e-57
7.08008e-58
7.00684e-59
6.98242e-60
6.90918e-61
6.81152e-62
6.71387e-63
6.68945e-64
6.66504e-65
6.54297e-66
6.46973e-67
6.4209e-68
6.37207e-69
6.29883e-70
6.25e-71
6.15234e-72
6.10352e-73
6.10352e-74
6.0791e-75
6.00586e-76
5.95703e-77
5.9082e-78
5.83496e-79
5.76172e-80
5.68848e-81
5.66406e-82
5.59082e-83
5.56641e-84
5.51758e-85
5.46875e-86
5.44434e-87
5.44434e-88
5.41992e-89
5.34668e-90
5.29785e-91
5.22461e-92
5.22461e-93
5.17578e-94
5.00488e-95
4.98047e-96
4.8584e-97
4.83398e-98
4.78516e-99
4.78516e-100
4.76074e-101
4.73633e-102
4.66309e-103
4.66309e-104
4.63867e-105
4.63867e-106
4.61426e-107
4.61426e-108
4.58984e-109
4.58984e-110
4.49219e-111
4.44336e-112
4.41895e-113
4.41895e-114
4.32129e-115
4.24805e-116
4.22363e-117
4.19922e-118
4.1748e-119
4.07715e-120
4.05273e-121
4.05273e-122
4.02832e-123
3.97949e-124
3.97949e-125
3.90625e-126
3.90625e-127
3.83301e-128
3.83301e-129
3.80859e-130
3.78418e-131
3.73535e-132
3.66211e-133
3.61328e-134
3.58887e-135
3.56445e-136
3.51562e-137
3.49121e-138
3.49121e-139
3.49121e-140
3.41797e-141
3.34473e-142
3.27148e-143
3.27148e-144
3.22266e-145
3.19824e-146
3.17383e-147
3.17383e-148
3.14941e-149
3.125e-150
3.10059e-151
3.05176e-152
3.02734e-153
3.00293e-154
3.00293e-155
2.9541e-156
2.9541e-157
2.9541e-158
2.88086e-159
2.83203e-160
2.83203e-161
2.7832e-162
2.75879e-163
2.75879e-164
2.75879e-165
2.70996e-166
2.63672e-167
2.6123e-168
2.6123e-169
2.58789e-170
2.56348e-171
2.51465e-172
2.51465e-173
2.49023e-174
2.46582e-175
2.41699e-176
2.41699e-177
2.39258e-178
2.39258e-179
2.36816e-180
2.34375e-181
2.31934e-182
2.31934e-183
2.31934e-184
2.31934e-185
2.31934e-186
2.31934e-187
2.24609e-188
2.19727e-189
2.14844e-190
2.12402e-191
2.12402e-192
2.0752e-193
2.05078e-194
2.05078e-195
2.05078e-196
2.00195e-197
1.97754e-198
1.92871e-199
1.9043e-200
1.9043e-201
1.9043e-202
1.87988e-203
1.85547e-204
1.83105e-205
1.80664e-206
1.80664e-207
1.78223e-208
1.78223e-209
1.78223e-210
1.75781e-211
1.75781e-212
1.7334e-213
1.70898e-214
1.68457e-215
1.66016e-216
1.66016e-217
1.66016e-218
1.66016e-219
1.63574e-220
1.63574e-221
1.63574e-222
1.5625e-223
1.53809e-224
1.53809e-225
1.48926e-226
1.46484e-227
1.46484e-228
1.46484e-229
1.44043e-230
1.41602e-231
1.41602e-232
1.3916e-233
1.36719e-234
1.36719e-235
1.36719e-236
1.34277e-237
1.31836e-238
1.29395e-239
1.29395e-240
1.29395e-241
1.26953e-242
1.26953e-243
1.26953e-244
1.24512e-245
1.24512e-246
1.2207e-247
1.19629e-248
1.19629e-249
1.17187e-250
1.17187e-251
1.17187e-252
1.17187e-253
1.14746e-254
1.12305e-255
1.12305e-256
1.12305e-257
1.09863e-258
1.07422e-259
1.02539e-260
1.02539e-261
1.02539e-262
1.00098e-263
1.00098e-264
9.76562e-266
9.76562e-267
9.76562e-268
9.76562e-269
9.27734e-270
9.27734e-271
8.78906e-272
8.30078e-273
8.30078e-274
8.30078e-275
8.30078e-276
8.30078e-277
8.30078e-278
8.30078e-279
8.30078e-280
8.30078e-281
8.30078e-282
8.05664e-283
8.05664e-284
8.05664e-285
8.05664e-286
8.05664e-287
8.05664e-288
8.05664e-289
8.05664e-290
7.8125e-291
7.8125e-292
7.8125e-293
7.8125e-294
7.8125e-295
7.56836e-296
7.56836e-297
7.56836e-298
7.56836e-299
7.56836e-300
7.56836e-301
7.32422e-302
7.32422e-303
7.08008e-304
7.08008e-305
6.83594e-306
6.34766e-307
6.34766e-308
6.10352e-309
5.85937e-310
5.61523e-311
5.61523e-312
5.61523e-313
5.61523e-314
5.61523e-315
5.61523e-316
5.61523e-317
5.61523e-318
5.61525e-319
5.61506e-320
5.61753e-321
5.63235e-322
5.43472e-323
4.94066e-324
0
0
0
0
0
0
0
0
0
0
0
0
0
0
0
0
0
0
0
0
0
0
0
0
0
0
0
0
0
0
0
0
0
0
0
0
0
0
0
0
0
0
0
0
0
0
0
0
0
0
0
0
0
0
0
0
0
0
0
0
0
0
0
0
0
0
0
0
0
0
0
0
0
0
0
0
0
0
0
0
0
0
0
0
0
0
0
0
0
0
0
0
0
0
0
0
0
0
0
0
0
0
0
0
0
0
0
0
0
0
0
0
0
0
0
0
0
0
0
0
0
0
0
0
0
0
0
0
0
0
0
0
0
0
0
0
0
0
0
0
0
0
0
0
0
0
0
0
0
0
0
0
0
0
0
0
0
0
0
0
0
0
0
0
0
0
0
0
0
0
0
0
0
0
0
0
0
0
