0
0.017003
0.028096
0.038298
0.0475981
0.0560222
0.063798
0.0707131
0.0770646
0.082771
0.0874561
0.0919502
0.0955505
0.0991853
0.102959
0.105832
0.107989
0.110593
0.112805
0.11484
0.116915
0.117465
0.118966
0.120682
0.122266
0.123384
0.124284
0.124991
0.125923
0.1268
0.12748
0.128455
0.128955
0.129588
0.130172
0.130714
0.131461
0.131428
0.131304
0.131269
0.131085
0.131184
0.131835
0.131642
0.13219
0.132096
0.132596
0.132576
0.132743
0.132595
0.132546
0.132231
0.13256
0.133005
0.133301
0.132939
0.133242
0.132649
0.132747
0.13252
0.132662
0.133014
0.133297
0.133451
0.133325
0.133599
0.133294
0.13318
0.133322
0.133396
0.133534
0.133706
0.133716
0.133661
0.13341
0.133153
0.132967
0.132395
0.132464
0.13185
0.131716
0.131591
0.131786
0.131526
0.131446
0.131319
0.13081
0.130364
0.130366
0.130308
0.130047
0.129735
0.129293
0.128603
0.129247
0.128865
0.128912
0.128783
0.12877
0.128564
0.128563
0.128614
0.128871
0.128422
0.128551
0.128289
0.128032
0.127196
0.127161
0.126841
0.126832
0.126642
0.126578
0.126576
0.126692
0.126502
0.126304
0.125461
0.125526
0.125849
0.125401
0.124948
0.125073
0.125074
0.124946
0.12507
0.124813
0.125071
0.124943
0.12475
0.124165
0.123869
0.123949
0.123949
0.12318
0.122924
0.122862
0.122416
0.121652
0.121273
0.121403
0.121652
0.121338
0.121081
0.121274
0.120889
0.120576
0.12013
0.119861
0.119591
0.119015
0.118437
0.11831
0.118374
0.117989
0.117803
0.117289
0.117218
0.117347
0.117222
0.116773
0.116386
0.116451
0.116011
0.11543
0.115367
0.115616
0.115108
0.114529
0.114276
0.113963
0.113964
0.113707
0.112809
0.112739
0.112866
0.112609
0.112483
0.112168
0.111912
0.11185
0.111914
0.111721
0.111463
0.111258
0.110812
0.110525
0.11034
0.110276
0.110085
0.11002
0.109514
0.109702
0.109637
0.109061
0.109061
0.10919
0.109144
0.109334
0.109011
0.10868
0.108505
0.108313
0.10818
0.10818
0.108179
0.107607
0.107478
0.107286
0.107064
0.106548
0.106484
0.105792
0.105853
0.10573
0.105538
0.105207
0.104913
0.104789
0.104853
0.104789
0.104724
0.104574
0.104512
0.104444
0.104445
0.10435
0.10435
0.104222
0.104028
0.103964
0.103702
0.103634
0.103507
0.103379
0.103145
0.103266
0.103348
0.10322
0.102931
0.102669
0.102476
0.102287
0.101774
0.101774
0.101774
0.101767
0.101155
0.101026
0.100958
0.100452
0.100131
0.099875
0.0996186
0.0995632
0.0992657
0.0988743
0.0989052
0.0988437
0.0984304
0.0983361
0.097948
0.0975675
0.0972764
0.0971481
0.097146
0.0969872
0.0968583
0.0966353
0.0963141
0.0965067
0.0964052
0.09634
0.09634
0.0958887
0.0956286
0.0954386
0.0948297
0.0940939
0.094061
0.0939969
0.0940523
0.0938919
0.0936995
0.0935562
0.0933633
0.092882
0.0925572
0.0923035
0.0922057
0.0921415
0.0920454
0.0919063
0.0918737
0.0918737
0.0917792
0.0915225
0.0912032
0.091043
0.0909789
0.0909469
0.090573
0.0904447
0.0899853
0.0898913
0.0898373
0.089677
0.0895439
0.0895444
0.0894467
0.0892543
0.0890643
0.0885832
0.0884286
0.0882601
0.0880688
0.0879079
0.0876429
0.0874825
0.0872591
0.0870391
0.0870391
0.0868492
0.0864716
0.0863362
0.0862402
0.0860119
0.0858192
0.0857371
0.0856889
0.085493
0.0852365
0.0851722
0.0851016
0.0850997
0.0849736
0.0849042
0.0847138
0.0845215
0.0845856
0.0845213
0.0841974
0.0840691
0.0836199
0.0835243
0.0830419
0.0829787
0.0829787
0.0823989
0.0822679
0.0822677
0.0818518
0.0816828
0.0814216
0.0813868
0.081289
0.081128
0.0807725
0.0805728
0.0801608
0.0799015
0.0798356
0.0797063
0.07961
0.0795148
0.0795145
0.079418
0.0793528
0.0792685
0.0791414
0.0789195
0.0788864
0.0788839
0.0785636
0.0783677
0.0780159
0.0779838
0.0779406
0.0774681
0.0774346
0.0771474
0.0768886
0.0766638
0.0765909
0.0765267
0.0764584
0.0764886
0.0762962
0.0761358
0.0759414
0.0759097
0.0757477
0.0756513
0.0756192
0.0753931
0.0752961
0.0752314
0.0751707
0.0751064
0.0750457
0.0749463
0.074658
0.0744266
0.0742982
0.0740078
0.0738456
0.0737654
0.0734469
0.0733182
0.0731891
0.0729653
0.0728691
0.0722703
0.0721372
0.071979
0.07201
0.0719138
0.0718591
0.0718246
0.0717605
0.0714454
0.0713423
0.071181
0.0709821
0.0709168
0.0708847
0.0707543
0.0706528
0.0706207
0.0705369
0.0705048
0.0703269
0.0702307
0.0701613
0.070065
0.0695526
0.0694231
0.069327
0.0690062
0.0689743
0.0688778
0.0686844
0.0685401
0.0683834
0.0683511
0.0682575
0.0680628
0.0678069
0.0675829
0.0672942
0.0671339
0.0670682
0.0667794
0.0665252
0.0664611
0.0663652
0.066331
0.0662256
0.0661901
0.0659013
0.0657409
0.0657093
0.0654841
0.0651958
0.0649875
0.0648912
0.0646674
0.0645712
0.0641474
0.0638603
0.0638603
0.063731
0.063665
0.0634373
0.063435
0.063466
0.0633526
0.0631584
0.062963
0.0628654
0.0626867
0.0624616
0.0623653
0.062151
0.061987
0.0619722
0.0619107
0.0617467
0.0617147
0.0615543
0.0613879
0.0612263
0.0612248
0.0609834
0.0608734
0.0608413
0.0607456
0.0606471
0.0606002
0.0604875
0.0603246
