0
4.16621e-05
5.3761e-05
0.000113342
0.00030474
0.000212229
0.000186294
0.000623949
0.000799553
0.000517217
0.00114623
0.00087523
0.00184247
0.0008359
0.00112918
0.00070084
0.00128074
0.00106273
0.00074158
0.00149233
0.00081296
0.002651
0.00140652
0.000714397
0.00135575
0.00166804
0.00111307
0.00157827
0.00138013
0.00146789
0.00124562
0.00135955
0.00124144
0.00135771
0.000631099
0.000933125
0.00134605
0.00150963
0.00165604
0.00192411
0.00271179
0.000904683
0.000975269
0.00148911
0.00103771
0.001499
0.000422878
0.00158665
0.00131368
0.00102269
0.00164572
0.00145658
0.00142379
0.000787641
0.00150507
0.00261408
0.00115964
0.00203421
0.00111045
0.00197564
0.00136948
0.00071492
0.00116081
0.000116081
0.00182628
0.00146681
0.00232934
0.00151812
0.00105022
0.00113429
0.00120676
0.00130623
0.00147989
0.000919942
0.000993189
0.00210215
0.00181483
0.00197862
0.00135296
0.00276811
0.00177369
0.00107588
0.000879218
0.00170367
0.00140922
0.00162522
0.00234496
0.00151819
0.000859865
0.00162743
0.0014566
0.00232716
0.0020308
0.00277085
0.00117552
0.00152905
0.00183866
0.00146915
0.00100162
0.00126961
0.00102636
0.00114345
0.000755966
0.0018722
0.000444211
0.000820234
0.00112689
0.00236544
0.00129821
0.00128485
0.00154877
0.00105315
0.00119616
0.00114866
0.00160492
0.00177107
0.00179084
0.00256852
0.00064183
0.0010915
0.00107333
0.00165612
0.00171107
0.00106946
0.000813625
0.00085564
0.00149745
0.000984545
0.00120344
0.00185305
0.00276045
0.00186055
0.00185561
0.00115226
0.00262651
0.00212771
0.00170085
0.00164807
0.00209019
0.00200647
0.00103498
0.000688736
0.0017491
0.000882032
0.00105068
0.00113194
0.00158943
0.00163475
0.00140205
0.00195621
0.00212099
0.00214761
0.00117761
0.000759416
0.00149581
0.0013046
0.00173957
0.00107911
0.00120044
0.00127615
0.00153923
0.00150289
0.000988887
0.00138291
0.0020705
0.0014262
0.000606009
0.00148202
0.00207749
0.00161942
0.000996313
0.000998363
0.00106576
0.00242106
0.000825348
0.000597366
0.000765805
0.00135988
0.00137607
0.000980452
0.00172422
0.000751572
0.000785886
0.00130549
0.000913405
0.00124642
0.00115197
0.00146742
0.00149468
0.00124497
0.00121559
0.00140486
0.0010541
0.00145362
0.00174969
0.0010183
0.000568503
0.00101932
0.00107129
0.00127955
0.00144396
0.00104272
0.0006828
0.0013581
0.00117018
0.000823643
0.00155812
0.00137552
0.00103743
0.00100984
0.00229457
0.000871329
0.00175653
0.000887565
0.000860335
0.000991469
0.00178332
0.00114658
0.000949058
0.000808711
0.000788494
0.000849019
0.00104842
0.00100586
0.000553633
0.00133983
0.00141815
0.000720985
0.000783809
0.00110696
0.000880675
0.00144479
0.000923357
0.000990707
0.00132097
0.00136141
0.000787645
0.00052951
0.000840503
0.0014347
0.00111889
0.00136491
0.00135867
0.00174001
0.000366807
0.000421662
0.00126892
0.00241086
0.00107612
0.00114289
0.00169108
0.0013242
0.000969573
0.00105952
0.000875935
0.000973809
0.00145365
0.00079191
0.000851974
0.00146494
0.00076212
0.0011761
0.00114697
0.00133618
0.0011735
0.000826518
0.000820694
0.00105073
0.00093946
0.00122022
0.000571386
0.00173946
0.00100944
0.000686831
0.0012302
0.00102485
0.000936938
0.00155051
0.00163786
0.00109738
0.000623535
0.00052376
0.000566864
0.00111664
0.00083517
0.00104804
0.00171339
0.00159278
0.000929607
0.000672015
0.000838937
0.000469128
0.00089181
0.000860026
0.000855998
0.000375005
0.000940738
0.00125144
0.00089511
0.00105868
0.000940199
0.00125012
0.00124791
0.00141978
0.000847781
0.000662251
0.00065278
0.000711894
0.000905879
0.00131142
0.00103321
0.000874912
0.0015664
0.00150727
0.000809929
0.00088996
0.000891608
0.00141409
0.00129636
0.00122183
0.00127796
0.000545118
0.00150588
0.00105774
0.000859541
0.00104857
0.00110382
0.001011
0.00111368
0.000836506
0.00117836
0.000984695
0.00109332
0.00101629
0.000555022
0.000827707
0.00118835
0.00101887
0.00113197
0.000370237
0.000403167
0.00110306
0.00126564
0.00121982
0.00102087
0.00138773
0.000685332
0.00067811
0.00189992
0.00102867
0.000682404
0.00103291
0.00101147
0.00101033
0.000591084
0.000702327
0.000777222
0.00140012
0.000824981
0.00104615
0.00126842
0.00115513
0.00098343
0.00080571
0.000690776
0.000262032
0.00105331
0.000749113
0.000810892
0.000916406
0.000958737
0.000452028
0.000625669
0.00166776
0.000779929
0.000660787
0.000772121
0.000537653
0.00114584
0.00108043
0.0010101
0.00103417
0.00114211
0.00076456
0.00113529
0.000792241
0.000853316
0.000791129
0.000784911
0.000498288
0.000694452
0.00090549
0.000668674
0.000740769
0.000782048
0.00114159
0.000788423
0.000883695
0.000633879
0.000899486
0.000606511
0.00124828
0.00158233
0.000607388
0.000995517
0.00083928
0.000925493
0.00124868
0.000863181
0.000568435
0.00108397
0.000685888
0.00122631
0.00109
0.000719135
0.000650608
0.000963361
0.000898643
0.000384314
0.000616205
0.000768266
0.000987736
0.00109818
0.00112077
0.000500904
0.000540913
0.000890498
0.000677838
0.000388643
0.000415409
0.000459847
0.00128374
0.000994652
0.00084373
0.000726035
0.00122762
0.000444747
0.000910938
0.000925395
0.000541883
0.000952845
0.00077368
0.000462951
0.000624049
0.00051172
0.000757921
0.000944247
0.00121787
0.000829595
0.00117389
0.000793818
0.000564435
0.000925285
0.000863798
0.000632208
0.000576548
0.000702226
0.00110823
0.000597904
0.000926016
0.000798409
0.00043285
0.000917384
0.00121775
0.000699827
0.00048716
0.000885024
0.000730393
0.00120368
0.000954665
0.000610394
0.00063997
0.000676441
0.00090842
0.000415007
0.000588996
0.000575083
0.000541941
0.000795101
0.000725016
0.00078193
0.000849948
0.000695053
0.000717117
0.000944516
0.000415386
0.000426537
0.00075209
0.000396595
0.000812372
0.000731116
0.000683863
0.00029458
0.000960556
0.000578015
0.000465088
0.000528983
0.000472339
0.000401375
0.000586749
0.000606493
