0 491 0
1 491 2
2 491 2
3 491 2
4 491 2
5 491 2
6 491 2
7 491 2
8 491 2
9 491 2
10 491 2
11 491 2
12 491 2
13 491 2
14 491 2
15 491 2
16 491 2
17 491 2
18 491 2
19 491 2
20 491 2
21 491 2
22 491 2
23 491 2
24 491 2
25 491 2
26 491 2
27 491 2
28 491 2
29 491 2
30 491 2
31 491 2
32 491 2
33 491 2
34 491 2
35 491 2
36 491 2
37 491 2
38 491 2
39 491 2
40 491 2
41 491 2
42 491 2
43 491 2
44 491 2
45 491 2
46 491 2
47 491 2
48 491 2
49 491 2
50 491 2
0 501 0
1 501 2
2 501 2
3 501 2
4 501 2
5 501 2
6 501 2
7 501 2
8 501 2
9 501 2
10 501 2
11 501 2
12 501 2
13 501 2
14 501 2
15 501 2
16 501 2
17 501 2
18 501 2
19 501 2
20 501 2
21 501 2
22 501 2
23 501 2
24 501 2
25 501 2
26 501 2
27 501 2
28 501 2
29 501 2
30 501 2
31 501 2
32 501 2
33 501 2
34 501 2
35 501 2
36 501 2
37 501 2
38 501 2
39 501 2
40 501 2
41 501 2
42 501 2
43 501 2
44 501 2
45 501 2
46 501 2
47 501 2
48 501 2
49 501 2
50 501 2
0 1 0
1 1 1
2 1 1
3 1 1
4 1 1
5 1 1
6 1 1
7 1 1
8 1 1
9 1 1
10 1 1
11 1 1
12 1 1
13 1 1
14 1 1
15 1 1
16 1 1
17 1 1
18 1 1
19 1 1
20 1 1
21 1 1
22 1 1
23 1 1
24 1 1
25 1 1
26 1 1
27 1 1
28 1 1
29 1 1
30 1 1
31 1 1
32 1 1
33 1 1
34 1 1
35 1 1
36 1 1
37 1 1
38 1 1
39 1 1
40 1 1
41 1 1
42 1 1
43 1 1
44 1 1
45 1 1
46 1 1
47 1 1
48 1 1
49 1 1
50 1 1
0 11 0
1 11 1
2 11 1
3 11 1
4 11 1
5 11 1
6 11 1
7 11 1
8 11 1
9 11 1
10 11 1
11 11 1
12 11 1
13 11 1
14 11 1
15 11 1
16 11 1
17 11 1
18 11 1
19 11 1
20 11 1
21 11 1
22 11 1
23 11 1
24 11 1
25 11 1
26 11 1
27 11 1
28 11 1
29 11 1
30 11 1
31 11 1
32 11 1
33 11 1
34 11 1
35 11 1
36 11 1
37 11 1
38 11 1
39 11 1
40 11 1
41 11 1
42 11 1
43 11 1
44 11 1
45 11 1
46 11 1
47 11 1
48 11 1
49 11 1
50 11 1
0 21 0
1 21 1
2 21 1
3 21 1
4 21 1
5 21 1
6 21 1
7 21 1
8 21 1
9 21 1
10 21 1
11 21 1
12 21 1
13 21 1
14 21 1
15 21 1
16 21 1
17 21 1
18 21 1
19 21 1
20 21 1
21 21 1
22 21 1
23 21 1
24 21 1
25 21 1
26 21 1
27 21 1
28 21 1
29 21 1
30 21 1
31 21 1
32 21 1
33 21 1
34 21 1
35 21 1
36 21 1
37 21 1
38 21 1
39 21 1
40 21 1
41 21 1
42 21 1
43 21 1
44 21 1
45 21 1
46 21 1
47 21 1
48 21 1
49 21 1
50 21 1
0 31 0
1 31 1
2 31 1
3 31 1
4 31 1
5 31 1
6 31 1
7 31 1
8 31 1
9 31 1
10 31 1
11 31 1
12 31 1
13 31 1
14 31 1
15 31 1
16 31 1
17 31 1
18 31 1
19 31 1
20 31 1
21 31 1
22 31 1
23 31 1
24 31 1
25 31 1
26 31 1
27 31 1
28 31 1
29 31 1
30 31 1
31 31 1
32 31 1
33 31 1
34 31 1
35 31 1
36 31 1
37 31 1
38 31 1
39 31 1
40 31 1
41 31 1
42 31 1
43 31 1
44 31 1
45 31 1
46 31 1
47 31 1
48 31 1
49 31 1
50 31 1
0 41 0
1 41 1
2 41 1
3 41 1
4 41 1
5 41 1
6 41 1
7 41 1
8 41 1
9 41 1
10 41 1
11 41 1
12 41 1
13 41 1
14 41 1
15 41 1
16 41 1
17 41 1
18 41 1
19 41 1
20 41 1
21 41 1
22 41 1
23 41 1
24 41 1
25 41 1
26 41 1
27 41 1
28 41 1
29 41 1
30 41 1
31 41 1
32 41 1
33 41 1
34 41 1
35 41 1
36 41 1
37 41 1
38 41 1
39 41 1
40 41 1
41 41 1
42 41 1
43 41 1
44 41 1
45 41 1
46 41 1
47 41 1
48 41 1
49 41 1
50 41 1
0 51 0
1 51 1
2 51 1
3 51 1
4 51 1
5 51 1
6 51 1
7 51 1
8 51 1
9 51 1
10 51 1
11 51 1
12 51 1
13 51 1
14 51 1
15 51 1
16 51 1
17 51 1
18 51 1
19 51 1
20 51 1
21 51 1
22 51 1
23 51 1
24 51 1
25 51 1
26 51 1
27 51 1
28 51 1
29 51 1
30 51 1
31 51 1
32 51 1
33 51 1
34 51 1
35 51 1
36 51 1
37 51 1
38 51 1
39 51 1
40 51 1
41 51 1
42 51 1
43 51 1
44 51 1
45 51 1
46 51 1
47 51 1
48 51 1
49 51 1
50 51 1
0 61 0
1 61 1
2 61 1
3 61 1
4 61 1
5 61 1
6 61 1
7 61 1
8 61 1
9 61 1
10 61 1
11 61 1
12 61 1
13 61 1
14 61 1
15 61 1
16 61 1
17 61 1
18 61 1
19 61 1
20 61 1
21 61 1
22 61 1
23 61 1
24 61 1
25 61 1
26 61 1
27 61 1
28 61 1
29 61 1
30 61 1
31 61 1
32 61 1
33 61 1
34 61 1
35 61 1
36 61 1
37 61 1
38 61 1
39 61 1
40 61 1
41 61 1
42 61 1
43 61 1
44 61 1
45 61 1
46 61 1
47 61 1
48 61 1
49 61 1
50 61 1
0 71 0
1 71 1
2 71 1
3 71 1
4 71 1
5 71 1
6 71 1
7 71 1
8 71 1
9 71 1
10 71 1
11 71 1
12 71 1
13 71 1
14 71 1
15 71 1
16 71 1
17 71 1
18 71 1
19 71 1
20 71 1
21 71 1
22 71 1
23 71 1
24 71 1
25 71 1
26 71 1
27 71 1
28 71 1
29 71 1
30 71 1
31 71 1
32 71 1
33 71 1
34 71 1
35 71 1
36 71 1
37 71 1
38 71 1
39 71 1
40 71 1
41 71 1
42 71 1
43 71 1
44 71 1
45 71 1
46 71 1
47 71 1
48 71 1
49 71 1
50 71 1
0 81 0
1 81 1
2 81 1
3 81 1
4 81 1
5 81 1
6 81 1
7 81 1
8 81 1
9 81 1
10 81 1
11 81 1
12 81 1
13 81 1
14 81 1
15 81 1
16 81 1
17 81 1
18 81 1
19 81 1
20 81 1
21 81 1
22 81 1
23 81 1
24 81 1
25 81 1
26 81 1
27 81 1
28 81 1
29 81 1
30 81 1
31 81 1
32 81 1
33 81 1
34 81 1
35 81 1
36 81 1
37 81 1
38 81 1
39 81 1
40 81 1
41 81 1
42 81 1
43 81 1
44 81 1
45 81 1
46 81 1
47 81 1
48 81 1
49 81 1
50 81 1
0 91 0
1 91 1
2 91 1
3 91 1
4 91 1
5 91 1
6 91 1
7 91 1
8 91 1
9 91 1
10 91 1
11 91 1
12 91 1
13 91 1
14 91 1
15 91 1
16 91 1
17 91 1
18 91 1
19 91 1
20 91 1
21 91 1
22 91 1
23 91 1
24 91 1
25 91 1
26 91 1
27 91 1
28 91 1
29 91 1
30 91 1
31 91 1
32 91 1
33 91 1
34 91 1
35 91 1
36 91 1
37 91 1
38 91 1
39 91 1
40 91 1
41 91 1
42 91 1
43 91 1
44 91 1
45 91 1
46 91 1
47 91 1
48 91 1
49 91 1
50 91 1
0 101 0
1 101 1
2 101 1
3 101 1
4 101 1
5 101 1
6 101 1
7 101 1
8 101 1
9 101 1
10 101 1
11 101 1
12 101 1
13 101 1
14 101 1
15 101 1
16 101 1
17 101 1
18 101 1
19 101 1
20 101 1
21 101 1
22 101 1
23 101 1
24 101 1
25 101 1
26 101 1
27 101 1
28 101 1
29 101 1
30 101 1
31 101 1
32 101 1
33 101 1
34 101 1
35 101 1
36 101 1
37 101 1
38 101 1
39 101 1
40 101 1
41 101 1
42 101 1
43 101 1
44 101 1
45 101 1
46 101 1
47 101 1
48 101 1
49 101 1
50 101 1
0 111 0
1 111 1
2 111 1
3 111 1
4 111 1
5 111 1
6 111 1
7 111 1
8 111 1
9 111 1
10 111 1
11 111 1
12 111 1
13 111 1
14 111 1
15 111 1
16 111 1
17 111 1
18 111 1
19 111 1
20 111 1
21 111 1
22 111 1
23 111 1
24 111 1
25 111 1
26 111 1
27 111 1
28 111 1
29 111 1
30 111 1
31 111 1
32 111 1
33 111 1
34 111 1
35 111 1
36 111 1
37 111 1
38 111 1
39 111 1
40 111 1
41 111 1
42 111 1
43 111 1
44 111 1
45 111 1
46 111 1
47 111 1
48 111 1
49 111 1
50 111 1
0 121 0
1 121 1
2 121 1
3 121 1
4 121 1
5 121 1
6 121 1
7 121 1
8 121 1
9 121 1
10 121 1
11 121 1
12 121 1
13 121 1
14 121 1
15 121 1
16 121 1
17 121 1
18 121 1
19 121 1
20 121 1
21 121 1
22 121 1
23 121 1
24 121 1
25 121 1
26 121 1
27 121 1
28 121 1
29 121 1
30 121 1
31 121 1
32 121 1
33 121 1
34 121 1
35 121 1
36 121 1
37 121 1
38 121 1
39 121 1
40 121 1
41 121 1
42 121 1
43 121 1
44 121 1
45 121 1
46 121 1
47 121 1
48 121 1
49 121 1
50 121 1
0 131 0
1 131 1
2 131 1
3 131 1
4 131 1
5 131 1
6 131 1
7 131 1
8 131 1
9 131 1
10 131 1
11 131 1
12 131 1
13 131 1
14 131 1
15 131 1
16 131 1
17 131 1
18 131 1
19 131 1
20 131 1
21 131 1
22 131 1
23 131 1
24 131 1
25 131 1
26 131 1
27 131 1
28 131 1
29 131 1
30 131 1
31 131 1
32 131 1
33 131 1
34 131 1
35 131 1
36 131 1
37 131 1
38 131 1
39 131 1
40 131 1
41 131 1
42 131 1
43 131 1
44 131 1
45 131 1
46 131 1
47 131 1
48 131 1
49 131 1
50 131 1
0 141 0
1 141 1
2 141 1
3 141 1
4 141 1
5 141 1
6 141 1
7 141 1
8 141 1
9 141 1
10 141 1
11 141 1
12 141 1
13 141 1
14 141 1
15 141 1
16 141 1
17 141 1
18 141 1
19 141 1
20 141 1
21 141 1
22 141 1
23 141 1
24 141 1
25 141 1
26 141 1
27 141 1
28 141 1
29 141 1
30 141 1
31 141 1
32 141 1
33 141 1
34 141 1
35 141 1
36 141 1
37 141 1
38 141 1
39 141 1
40 141 1
41 141 1
42 141 1
43 141 1
44 141 1
45 141 1
46 141 1
47 141 1
48 141 1
49 141 1
50 141 1
0 151 0
1 151 1
2 151 1
3 151 1
4 151 1
5 151 1
6 151 1
7 151 1
8 151 1
9 151 1
10 151 1
11 151 1
12 151 1
13 151 1
14 151 1
15 151 1
16 151 1
17 151 1
18 151 1
19 151 1
20 151 1
21 151 1
22 151 1
23 151 1
24 151 1
25 151 1
26 151 1
27 151 1
28 151 1
29 151 1
30 151 1
31 151 1
32 151 1
33 151 1
34 151 1
35 151 1
36 151 1
37 151 1
38 151 1
39 151 1
40 151 1
41 151 1
42 151 1
43 151 1
44 151 1
45 151 1
46 151 1
47 151 1
48 151 1
49 151 1
50 151 1
0 161 0
1 161 1
2 161 1
3 161 1
4 161 1
5 161 1
6 161 1
7 161 1
8 161 1
9 161 1
10 161 1
11 161 1
12 161 1
13 161 1
14 161 1
15 161 1
16 161 1
17 161 1
18 161 1
19 161 1
20 161 1
21 161 1
22 161 1
23 161 1
24 161 1
25 161 1
26 161 1
27 161 1
28 161 1
29 161 1
30 161 1
31 161 1
32 161 1
33 161 1
34 161 1
35 161 1
36 161 1
37 161 1
38 161 1
39 161 1
40 161 1
41 161 1
42 161 1
43 161 1
44 161 1
45 161 1
46 161 1
47 161 1
48 161 1
49 161 1
50 161 1
0 171 0
1 171 1
2 171 1
3 171 1
4 171 1
5 171 1
6 171 1
7 171 1
8 171 1
9 171 1
10 171 1
11 171 2
12 171 1
13 171 1
14 171 1
15 171 1
16 171 1
17 171 1
18 171 1
19 171 1
20 171 1
21 171 1
22 171 1
23 171 1
24 171 1
25 171 1
26 171 2
27 171 1
28 171 1
29 171 1
30 171 1
31 171 1
32 171 1
33 171 1
34 171 1
35 171 1
36 171 1
37 171 1
38 171 1
39 171 1
40 171 2
41 171 2
42 171 2
43 171 1
44 171 1
45 171 1
46 171 1
47 171 1
48 171 2
49 171 1
50 171 1
0 181 0
1 181 2
2 181 2
3 181 2
4 181 2
0 181 0
5 181 2
0 181 0
5 181 1
10 181 2
15 181 2
20 181 2
25 181 1
30 181 1
35 181 2
40 181 2
45 181 1
50 181 1
0 231 0
5 231 2
10 231 2
15 231 2
20 231 2
25 231 2
30 231 2
35 231 2
40 231 2
45 231 2
50 231 2
0 281 0
5 281 2
10 281 2
15 281 2
20 281 2
25 281 2
30 281 2
35 281 2
40 281 2
45 281 2
50 281 2
0 331 0
5 331 2
10 331 2
15 331 2
20 331 2
25 331 2
30 331 2
35 331 2
40 331 2
45 331 2
50 331 2
0 381 0
5 381 2
10 381 2
15 381 2
20 381 2
25 381 2
30 381 2
35 381 2
40 381 2
45 381 2
50 381 2
0 431 0
5 431 2
10 431 2
15 431 2
20 431 2
25 431 2
30 431 2
35 431 2
40 431 2
45 431 2
50 431 2
0 481 0
5 481 2
10 481 2
15 481 2
20 481 2
25 481 2
30 481 2
35 481 2
40 481 2
45 481 2
50 481 2
